%%MatrixMarket matrix coordinate real general
641 2251 8761                                     
1 1 1
1 2 1
1 3 1
1 4 1
1 5 1
1 6 1
1 7 1
1 8 1
1 9 1
1 10 1
1 11 1
1 12 1
1 13 1
1 14 1
1 15 1
1 16 1
1 17 1
1 18 1
1 19 1
1 20 1
1 21 1
1 22 1
1 23 1
1 24 1
1 25 1
1 26 1
1 27 1
1 28 1
1 29 1
1 30 1
1 31 1
1 32 1
1 33 1
1 34 1
1 35 1
1 36 1
1 37 1
1 38 1
1 39 1
1 40 1
1 41 1
1 42 1
2 10 1
2 12 1
2 43 1
2 44 1
2 45 1
2 46 1
2 47 1
2 48 1
3 29 1
3 32 1
3 49 1
3 50 1
3 51 1
3 52 1
3 53 1
3 54 1
3 55 1
3 56 1
3 57 1
3 58 1
3 59 1
3 60 1
3 61 1
3 62 1
3 63 1
3 64 1
3 65 1
3 66 1
3 67 1
3 68 1
3 69 1
3 70 1
3 71 1
3 72 1
3 73 1
3 74 1
3 75 1
3 76 1
3 77 1
3 78 1
4 55 1
4 61 1
4 79 1
4 80 1
4 81 1
4 82 1
4 83 1
4 84 1
4 85 1
4 86 1
4 87 1
4 88 1
4 89 1
4 90 1
4 91 1
4 92 1
4 93 1
4 94 1
4 95 1
4 96 1
5 80 1
5 97 1
5 98 1
5 99 1
5 100 1
5 101 1
5 102 1
5 103 1
5 104 1
6 24 1
6 38 1
6 40 1
6 61 1
6 69 1
6 77 1
6 79 1
6 80 1
6 83 1
6 103 1
6 105 1
6 106 1
6 107 1
6 108 1
6 109 1
6 110 1
6 111 1
6 112 1
6 113 1
6 114 1
6 115 1
6 116 1
6 117 1
6 118 1
6 119 1
6 120 1
6 121 1
6 122 1
6 123 1
6 124 1
6 125 1
6 126 1
6 127 1
6 128 1
6 129 1
6 130 1
6 131 1
6 132 1
6 133 1
6 134 1
6 135 1
6 136 1
6 137 1
6 138 1
6 139 1
6 140 1
7 87 1
7 99 1
7 102 1
7 103 1
7 108 1
7 141 1
7 142 1
8 55 1
8 61 1
8 80 1
8 84 1
8 85 1
8 103 1
8 108 1
8 110 1
8 143 1
8 144 1
8 145 1
8 146 1
8 147 1
8 148 1
8 149 1
8 150 1
8 151 1
8 152 1
8 153 1
8 154 1
8 155 1
8 156 1
8 157 1
8 158 1
8 159 1
8 160 1
8 161 1
9 94 1
9 154 1
9 162 1
10 32 1
10 55 1
10 61 1
10 67 1
10 77 1
10 80 1
10 81 1
10 83 1
10 84 1
10 85 1
10 103 1
10 107 1
10 115 1
10 123 1
10 129 1
10 133 1
10 140 1
10 147 1
10 153 1
10 158 1
10 161 1
10 162 1
10 163 1
10 164 1
10 165 1
10 166 1
10 167 1
10 168 1
10 169 1
10 170 1
10 171 1
10 172 1
10 173 1
10 174 1
10 175 1
10 176 1
10 177 1
10 178 1
10 179 1
10 180 1
10 181 1
10 182 1
10 183 1
10 184 1
10 185 1
10 186 1
10 187 1
10 188 1
10 189 1
10 190 1
10 191 1
10 192 1
10 193 1
10 194 1
10 195 1
10 196 1
10 197 1
10 198 1
10 199 1
11 15 1
11 60 1
11 61 1
11 80 1
11 135 1
11 200 1
11 201 1
11 202 1
11 203 1
12 19 1
12 44 1
12 64 1
12 80 1
12 81 1
12 99 1
12 111 1
12 127 1
12 137 1
12 147 1
12 148 1
12 153 1
12 204 1
12 205 1
12 206 1
12 207 1
12 208 1
12 209 1
12 210 1
12 211 1
12 212 1
12 213 1
12 214 1
12 215 1
12 216 1
12 217 1
12 218 1
12 219 1
12 220 1
12 221 1
12 222 1
12 223 1
13 129 1
13 224 1
14 108 1
14 138 1
14 148 1
14 225 1
14 226 1
15 52 1
15 103 1
15 108 1
15 125 1
15 130 1
15 227 1
15 228 1
15 229 1
15 230 1
15 231 1
16 49 1
16 64 1
16 80 1
16 97 1
16 107 1
16 125 1
16 145 1
16 147 1
16 189 1
16 194 1
16 206 1
16 228 1
16 232 1
16 233 1
16 234 1
16 235 1
16 236 1
16 237 1
16 238 1
16 239 1
16 240 1
16 241 1
16 242 1
16 243 1
16 244 1
16 245 1
16 246 1
16 247 1
16 248 1
16 249 1
16 250 1
16 251 1
16 252 1
16 253 1
16 254 1
16 255 1
16 256 1
16 257 1
16 258 1
16 259 1
16 260 1
16 261 1
16 262 1
16 263 1
16 264 1
16 265 1
16 266 1
16 267 1
16 268 1
16 269 1
16 270 1
16 271 1
16 272 1
16 273 1
16 274 1
16 275 1
17 15 1
17 50 1
17 60 1
17 69 1
17 130 1
17 276 1
17 277 1
17 278 1
17 279 1
17 280 1
17 281 1
17 282 1
17 283 1
17 284 1
17 285 1
17 286 1
18 10 1
18 32 1
18 43 1
18 75 1
18 77 1
18 169 1
18 225 1
18 255 1
18 279 1
18 282 1
18 286 1
18 287 1
18 288 1
18 289 1
18 290 1
18 291 1
18 292 1
18 293 1
18 294 1
18 295 1
18 296 1
18 297 1
18 298 1
18 299 1
18 300 1
18 301 1
18 302 1
18 303 1
18 304 1
18 305 1
18 306 1
18 307 1
18 308 1
18 309 1
18 310 1
18 311 1
18 312 1
18 313 1
19 32 1
19 190 1
19 225 1
19 293 1
19 294 1
19 314 1
20 43 1
20 44 1
20 112 1
20 145 1
20 169 1
20 190 1
20 210 1
20 294 1
20 297 1
20 315 1
20 316 1
20 317 1
20 318 1
20 319 1
21 224 1
21 320 1
21 321 1
21 322 1
21 323 1
21 324 1
22 38 1
22 40 1
22 44 1
22 64 1
22 72 1
22 81 1
22 99 1
22 109 1
22 131 1
22 134 1
22 136 1
22 214 1
22 280 1
22 304 1
22 325 1
22 326 1
22 327 1
22 328 1
22 329 1
22 330 1
22 331 1
22 332 1
22 333 1
22 334 1
22 335 1
22 336 1
22 337 1
22 338 1
22 339 1
22 340 1
23 145 1
23 341 1
23 342 1
24 10 1
24 80 1
24 84 1
24 97 1
24 111 1
24 294 1
24 302 1
24 312 1
24 343 1
24 344 1
24 345 1
24 346 1
24 347 1
24 348 1
24 349 1
24 350 1
25 351 1
25 352 1
25 353 1
25 354 1
26 10 1
26 43 1
26 109 1
26 111 1
26 119 1
26 137 1
26 145 1
26 256 1
26 280 1
26 300 1
26 311 1
26 312 1
26 342 1
26 343 1
26 355 1
26 356 1
26 357 1
26 358 1
26 359 1
26 360 1
26 361 1
26 362 1
26 363 1
26 364 1
26 365 1
26 366 1
26 367 1
26 368 1
26 369 1
26 370 1
26 371 1
26 372 1
26 373 1
26 374 1
26 375 1
26 376 1
26 377 1
26 378 1
26 379 1
26 380 1
27 381 1
27 382 1
27 383 1
28 67 1
28 384 1
28 385 1
28 386 1
28 387 1
28 388 1
28 389 1
28 390 1
29 77 1
29 131 1
29 138 1
29 279 1
29 280 1
29 391 1
30 10 1
30 38 1
30 40 1
30 58 1
30 69 1
30 109 1
30 111 1
30 136 1
30 147 1
30 189 1
30 206 1
30 238 1
30 242 1
30 247 1
30 256 1
30 280 1
30 304 1
30 312 1
30 392 1
30 393 1
30 394 1
30 395 1
30 396 1
30 397 1
30 398 1
30 399 1
30 400 1
30 401 1
30 402 1
30 403 1
30 404 1
30 405 1
30 406 1
30 407 1
30 408 1
30 409 1
30 410 1
30 411 1
30 412 1
30 413 1
30 414 1
30 415 1
30 416 1
30 417 1
31 40 1
31 109 1
31 147 1
31 169 1
31 189 1
31 290 1
31 297 1
31 304 1
31 337 1
31 359 1
31 367 1
31 418 1
31 419 1
31 420 1
31 421 1
31 422 1
31 423 1
31 424 1
31 425 1
31 426 1
31 427 1
31 428 1
32 40 1
32 189 1
32 280 1
32 318 1
32 331 1
32 429 1
32 430 1
32 431 1
32 432 1
32 433 1
32 434 1
32 435 1
32 436 1
32 437 1
32 438 1
32 439 1
32 440 1
32 441 1
32 442 1
33 10 1
33 40 1
33 49 1
33 140 1
33 189 1
33 210 1
33 256 1
33 280 1
33 312 1
33 359 1
33 406 1
33 412 1
33 417 1
33 423 1
33 430 1
33 443 1
33 444 1
33 445 1
33 446 1
33 447 1
33 448 1
33 449 1
33 450 1
34 32 1
34 42 1
34 249 1
34 280 1
34 451 1
34 452 1
34 453 1
34 454 1
34 455 1
35 169 1
35 456 1
36 25 1
36 50 1
36 130 1
36 162 1
36 174 1
36 195 1
36 227 1
36 280 1
36 457 1
37 25 1
37 44 1
37 77 1
37 85 1
37 99 1
37 109 1
37 110 1
37 111 1
37 129 1
37 130 1
37 136 1
37 148 1
37 174 1
37 179 1
37 195 1
37 210 1
37 219 1
37 222 1
37 290 1
37 325 1
37 343 1
37 457 1
37 458 1
37 459 1
37 460 1
37 461 1
37 462 1
37 463 1
37 464 1
37 465 1
37 466 1
37 467 1
37 468 1
37 469 1
37 470 1
37 471 1
37 472 1
37 473 1
37 474 1
37 475 1
37 476 1
37 477 1
37 478 1
37 479 1
37 480 1
37 481 1
37 482 1
37 483 1
37 484 1
37 485 1
37 486 1
37 487 1
37 488 1
37 489 1
37 490 1
37 491 1
37 492 1
37 493 1
37 494 1
37 495 1
37 496 1
37 497 1
37 498 1
38 44 1
38 469 1
38 499 1
39 25 1
39 34 1
39 50 1
39 67 1
39 110 1
39 130 1
39 174 1
39 189 1
39 463 1
39 500 1
39 501 1
39 502 1
39 503 1
39 504 1
39 505 1
40 38 1
40 166 1
40 174 1
40 176 1
40 191 1
40 506 1
40 507 1
40 508 1
40 509 1
40 510 1
40 511 1
41 43 1
41 80 1
41 174 1
41 193 1
41 210 1
41 294 1
41 508 1
41 510 1
41 512 1
41 513 1
41 514 1
42 166 1
42 191 1
42 515 1
42 516 1
43 34 1
43 64 1
43 115 1
43 139 1
43 146 1
43 155 1
43 157 1
43 174 1
43 507 1
43 517 1
43 518 1
43 519 1
43 520 1
44 166 1
44 266 1
44 521 1
44 522 1
44 523 1
44 524 1
45 174 1
45 197 1
45 525 1
45 526 1
45 527 1
46 10 1
46 13 1
46 34 1
46 85 1
46 93 1
46 108 1
46 125 1
46 164 1
46 174 1
46 175 1
46 197 1
46 210 1
46 230 1
46 256 1
46 285 1
46 456 1
46 500 1
46 502 1
46 506 1
46 519 1
46 521 1
46 525 1
46 528 1
46 529 1
46 530 1
46 531 1
46 532 1
46 533 1
46 534 1
46 535 1
46 536 1
46 537 1
46 538 1
46 539 1
46 540 1
46 541 1
46 542 1
46 543 1
46 544 1
46 545 1
46 546 1
46 547 1
46 548 1
46 549 1
46 550 1
46 551 1
46 552 1
46 553 1
47 10 1
47 22 1
47 24 1
47 103 1
47 115 1
47 133 1
47 166 1
47 174 1
47 189 1
47 191 1
47 195 1
47 196 1
47 256 1
47 313 1
47 477 1
47 500 1
47 502 1
47 513 1
47 521 1
47 548 1
47 554 1
47 555 1
47 556 1
47 557 1
47 558 1
47 559 1
47 560 1
47 561 1
47 562 1
47 563 1
47 564 1
47 565 1
47 566 1
47 567 1
47 568 1
47 569 1
47 570 1
47 571 1
47 572 1
47 573 1
47 574 1
47 575 1
47 576 1
47 577 1
47 578 1
48 58 1
48 101 1
48 112 1
48 130 1
48 135 1
48 163 1
48 174 1
48 206 1
48 343 1
48 396 1
48 463 1
48 502 1
48 542 1
48 553 1
48 556 1
48 559 1
48 567 1
48 568 1
48 579 1
48 580 1
48 581 1
48 582 1
48 583 1
48 584 1
48 585 1
48 586 1
48 587 1
48 588 1
48 589 1
48 590 1
48 591 1
48 592 1
48 593 1
48 594 1
48 595 1
48 596 1
48 597 1
48 598 1
48 599 1
48 600 1
48 601 1
48 602 1
48 603 1
49 24 1
49 174 1
49 500 1
49 502 1
49 521 1
49 578 1
49 599 1
49 604 1
49 605 1
49 606 1
49 607 1
49 608 1
49 609 1
50 24 1
50 81 1
50 85 1
50 125 1
50 174 1
50 179 1
50 195 1
50 216 1
50 224 1
50 359 1
50 426 1
50 502 1
50 506 1
50 513 1
50 519 1
50 535 1
50 542 1
50 559 1
50 572 1
50 592 1
50 610 1
50 611 1
50 612 1
50 613 1
50 614 1
50 615 1
50 616 1
50 617 1
50 618 1
50 619 1
50 620 1
50 621 1
50 622 1
50 623 1
50 624 1
50 625 1
50 626 1
50 627 1
50 628 1
50 629 1
50 630 1
50 631 1
51 230 1
51 427 1
51 632 1
52 24 1
52 93 1
52 103 1
52 108 1
52 113 1
52 125 1
52 126 1
52 138 1
52 145 1
52 204 1
52 230 1
52 294 1
52 370 1
52 396 1
52 422 1
52 434 1
52 502 1
52 507 1
52 552 1
52 629 1
52 631 1
52 633 1
52 634 1
52 635 1
52 636 1
52 637 1
52 638 1
52 639 1
52 640 1
52 641 1
52 642 1
52 643 1
52 644 1
52 645 1
52 646 1
52 647 1
52 648 1
52 649 1
52 650 1
52 651 1
53 206 1
53 652 1
53 653 1
53 654 1
53 655 1
53 656 1
53 657 1
53 658 1
54 33 1
54 99 1
54 108 1
54 115 1
54 141 1
54 195 1
54 202 1
54 256 1
54 292 1
54 296 1
54 300 1
54 308 1
54 311 1
54 359 1
54 390 1
54 426 1
54 499 1
54 504 1
54 507 1
54 519 1
54 614 1
54 656 1
54 657 1
54 659 1
54 660 1
54 661 1
54 662 1
54 663 1
54 664 1
54 665 1
54 666 1
54 667 1
54 668 1
54 669 1
54 670 1
54 671 1
54 672 1
54 673 1
54 674 1
54 675 1
54 676 1
54 677 1
54 678 1
54 679 1
54 680 1
54 681 1
54 682 1
54 683 1
54 684 1
54 685 1
54 686 1
54 687 1
55 23 1
55 230 1
55 657 1
55 681 1
55 688 1
55 689 1
56 13 1
56 19 1
56 23 1
56 32 1
56 67 1
56 85 1
56 129 1
56 154 1
56 174 1
56 202 1
56 224 1
56 255 1
56 287 1
56 331 1
56 337 1
56 391 1
56 448 1
56 502 1
56 532 1
56 541 1
56 548 1
56 583 1
56 599 1
56 625 1
56 657 1
56 681 1
56 690 1
56 691 1
56 692 1
56 693 1
56 694 1
56 695 1
56 696 1
56 697 1
56 698 1
56 699 1
56 700 1
56 701 1
56 702 1
56 703 1
56 704 1
56 705 1
56 706 1
56 707 1
56 708 1
57 90 1
57 349 1
57 411 1
57 607 1
57 688 1
57 689 1
57 709 1
57 710 1
57 711 1
57 712 1
58 23 1
58 32 1
58 81 1
58 85 1
58 121 1
58 131 1
58 140 1
58 230 1
58 255 1
58 290 1
58 300 1
58 403 1
58 438 1
58 540 1
58 631 1
58 669 1
58 684 1
58 697 1
58 703 1
58 709 1
58 711 1
58 713 1
58 714 1
58 715 1
58 716 1
58 717 1
58 718 1
58 719 1
59 23 1
59 474 1
59 711 1
59 720 1
59 721 1
60 80 1
60 169 1
60 722 1
60 723 1
60 724 1
61 426 1
61 625 1
61 652 1
61 654 1
61 725 1
61 726 1
61 727 1
61 728 1
62 19 1
62 24 1
62 32 1
62 43 1
62 44 1
62 56 1
62 129 1
62 131 1
62 145 1
62 169 1
62 174 1
62 247 1
62 256 1
62 294 1
62 297 1
62 299 1
62 301 1
62 325 1
62 338 1
62 362 1
62 367 1
62 375 1
62 377 1
62 410 1
62 513 1
62 517 1
62 532 1
62 559 1
62 579 1
62 651 1
62 729 1
62 730 1
62 731 1
62 732 1
62 733 1
62 734 1
62 735 1
62 736 1
62 737 1
62 738 1
62 739 1
62 740 1
62 741 1
62 742 1
62 743 1
62 744 1
62 745 1
62 746 1
62 747 1
63 8 1
63 32 1
63 44 1
63 77 1
63 108 1
63 134 1
63 138 1
63 145 1
63 154 1
63 174 1
63 206 1
63 210 1
63 220 1
63 290 1
63 299 1
63 448 1
63 507 1
63 559 1
63 655 1
63 675 1
63 699 1
63 704 1
63 705 1
63 746 1
63 748 1
63 749 1
63 750 1
63 751 1
63 752 1
63 753 1
63 754 1
63 755 1
63 756 1
63 757 1
63 758 1
63 759 1
63 760 1
63 761 1
63 762 1
63 763 1
63 764 1
63 765 1
63 766 1
63 767 1
63 768 1
63 769 1
64 32 1
64 131 1
64 770 1
64 771 1
64 772 1
64 773 1
65 190 1
65 359 1
65 426 1
65 517 1
66 13 1
66 32 1
66 44 1
66 48 1
66 81 1
66 84 1
66 99 1
66 109 1
66 133 1
66 145 1
66 249 1
66 293 1
66 305 1
66 391 1
66 478 1
66 488 1
66 500 1
66 502 1
66 513 1
66 570 1
66 579 1
66 625 1
66 668 1
66 671 1
66 675 1
66 774 1
66 775 1
66 776 1
66 777 1
66 778 1
66 779 1
66 780 1
66 781 1
66 782 1
66 783 1
66 784 1
66 785 1
66 786 1
66 787 1
66 788 1
66 789 1
66 790 1
66 791 1
66 792 1
66 793 1
66 794 1
66 795 1
66 796 1
66 797 1
67 10 1
67 32 1
67 44 1
67 109 1
67 112 1
67 167 1
67 187 1
67 192 1
67 310 1
67 311 1
67 325 1
67 331 1
67 371 1
67 462 1
67 469 1
67 473 1
67 487 1
67 668 1
67 744 1
67 798 1
67 799 1
67 800 1
67 801 1
68 324 1
68 652 1
68 802 1
68 803 1
68 804 1
68 805 1
68 806 1
69 72 1
69 80 1
69 109 1
69 115 1
69 179 1
69 190 1
69 219 1
69 266 1
69 316 1
69 343 1
69 371 1
69 467 1
69 470 1
69 697 1
69 788 1
69 790 1
69 807 1
69 808 1
69 809 1
69 810 1
69 811 1
69 812 1
69 813 1
69 814 1
69 815 1
69 816 1
69 817 1
70 154 1
70 818 1
70 819 1
70 820 1
71 80 1
71 385 1
71 821 1
71 822 1
71 823 1
72 72 1
72 290 1
72 390 1
72 773 1
72 822 1
72 824 1
73 32 1
73 64 1
73 107 1
73 193 1
73 517 1
73 697 1
73 822 1
73 825 1
73 826 1
73 827 1
73 828 1
74 195 1
74 202 1
74 229 1
74 311 1
74 538 1
74 572 1
74 800 1
74 822 1
74 826 1
74 829 1
75 56 1
75 386 1
75 507 1
75 774 1
75 822 1
75 830 1
75 831 1
75 832 1
75 833 1
75 834 1
75 835 1
75 836 1
75 837 1
75 838 1
76 10 1
76 85 1
76 109 1
76 119 1
76 140 1
76 255 1
76 256 1
76 342 1
76 432 1
76 438 1
76 500 1
76 518 1
76 774 1
76 822 1
76 825 1
76 837 1
76 839 1
76 840 1
76 841 1
76 842 1
76 843 1
76 844 1
76 845 1
76 846 1
76 847 1
76 848 1
76 849 1
76 850 1
76 851 1
77 195 1
77 669 1
77 828 1
77 838 1
77 852 1
77 853 1
78 10 1
78 32 1
78 40 1
78 43 1
78 54 1
78 80 1
78 85 1
78 117 1
78 133 1
78 156 1
78 242 1
78 290 1
78 359 1
78 426 1
78 466 1
78 473 1
78 487 1
78 510 1
78 519 1
78 583 1
78 724 1
78 854 1
78 855 1
78 856 1
78 857 1
78 858 1
78 859 1
78 860 1
78 861 1
78 862 1
78 863 1
78 864 1
78 865 1
78 866 1
78 867 1
78 868 1
78 869 1
78 870 1
78 871 1
78 872 1
78 873 1
78 874 1
78 875 1
78 876 1
78 877 1
78 878 1
78 879 1
78 880 1
78 881 1
78 882 1
78 883 1
78 884 1
78 885 1
78 886 1
78 887 1
78 888 1
78 889 1
79 32 1
79 80 1
79 85 1
79 108 1
79 110 1
79 166 1
79 173 1
79 195 1
79 202 1
79 221 1
79 255 1
79 270 1
79 502 1
79 538 1
79 548 1
79 558 1
79 571 1
79 579 1
79 684 1
79 691 1
79 773 1
79 798 1
79 823 1
79 867 1
79 879 1
79 886 1
79 890 1
79 891 1
79 892 1
79 893 1
79 894 1
79 895 1
79 896 1
79 897 1
79 898 1
79 899 1
79 900 1
79 901 1
79 902 1
79 903 1
79 904 1
79 905 1
79 906 1
79 907 1
79 908 1
79 909 1
79 910 1
79 911 1
79 912 1
79 913 1
79 914 1
80 472 1
80 570 1
80 915 1
80 916 1
81 32 1
81 66 1
81 212 1
81 513 1
81 917 1
81 918 1
82 657 1
82 919 1
82 920 1
83 660 1
83 832 1
83 921 1
84 216 1
84 397 1
84 636 1
84 915 1
84 922 1
85 52 1
85 80 1
85 139 1
85 147 1
85 189 1
85 194 1
85 209 1
85 214 1
85 577 1
85 786 1
85 837 1
85 923 1
85 924 1
85 925 1
85 926 1
85 927 1
85 928 1
85 929 1
85 930 1
85 931 1
85 932 1
85 933 1
85 934 1
85 935 1
86 570 1
86 936 1
86 937 1
86 938 1
87 38 1
87 80 1
87 93 1
87 110 1
87 147 1
87 158 1
87 174 1
87 176 1
87 189 1
87 224 1
87 258 1
87 432 1
87 501 1
87 507 1
87 513 1
87 519 1
87 552 1
87 570 1
87 579 1
87 625 1
87 773 1
87 907 1
87 933 1
87 938 1
87 939 1
87 940 1
87 941 1
87 942 1
87 943 1
87 944 1
87 945 1
87 946 1
87 947 1
87 948 1
87 949 1
87 950 1
87 951 1
87 952 1
87 953 1
87 954 1
88 34 1
88 938 1
88 939 1
88 955 1
88 956 1
88 957 1
89 72 1
89 80 1
89 173 1
89 195 1
89 514 1
89 640 1
89 938 1
89 939 1
89 940 1
89 955 1
89 956 1
89 958 1
89 959 1
89 960 1
89 961 1
89 962 1
89 963 1
89 964 1
89 965 1
89 966 1
89 967 1
89 968 1
89 969 1
89 970 1
89 971 1
89 972 1
90 22 1
90 426 1
90 438 1
90 507 1
90 969 1
90 973 1
90 974 1
91 32 1
91 125 1
91 139 1
91 169 1
91 191 1
91 212 1
91 239 1
91 362 1
91 385 1
91 507 1
91 514 1
91 570 1
91 579 1
91 589 1
91 684 1
91 764 1
91 829 1
91 892 1
91 898 1
91 938 1
91 939 1
91 961 1
91 963 1
91 964 1
91 968 1
91 969 1
91 970 1
91 974 1
91 975 1
91 976 1
91 977 1
91 978 1
91 979 1
91 980 1
91 981 1
91 982 1
91 983 1
91 984 1
91 985 1
92 22 1
92 63 1
92 169 1
92 256 1
92 296 1
92 967 1
92 969 1
92 970 1
92 978 1
92 985 1
92 986 1
92 987 1
92 988 1
92 989 1
93 134 1
93 296 1
93 772 1
93 990 1
93 991 1
93 992 1
93 993 1
94 32 1
94 228 1
94 514 1
94 694 1
94 788 1
94 854 1
94 964 1
94 994 1
94 995 1
94 996 1
94 997 1
94 998 1
95 42 1
95 125 1
95 438 1
95 992 1
95 999 1
95 1000 1
95 1001 1
95 1002 1
96 32 1
96 43 1
96 49 1
96 79 1
96 83 1
96 99 1
96 105 1
96 108 1
96 109 1
96 129 1
96 138 1
96 212 1
96 213 1
96 216 1
96 228 1
96 235 1
96 256 1
96 300 1
96 337 1
96 473 1
96 480 1
96 490 1
96 570 1
96 671 1
96 688 1
96 692 1
96 726 1
96 800 1
96 943 1
96 952 1
96 1003 1
96 1004 1
96 1005 1
96 1006 1
96 1007 1
96 1008 1
96 1009 1
96 1010 1
96 1011 1
96 1012 1
96 1013 1
96 1014 1
96 1015 1
96 1016 1
96 1017 1
96 1018 1
96 1019 1
96 1020 1
97 15 1
97 34 1
97 49 1
97 57 1
97 77 1
97 134 1
97 171 1
97 625 1
97 742 1
97 1021 1
97 1022 1
98 2 1
98 7 1
98 8 1
98 9 1
98 12 1
98 13 1
98 16 1
98 17 1
98 18 1
98 20 1
98 24 1
98 26 1
98 29 1
98 31 1
98 32 1
98 33 1
98 35 1
98 40 1
98 41 1
98 42 1
98 325 1
98 438 1
98 477 1
98 977 1
98 1023 1
98 1024 1
98 1025 1
98 1026 1
98 1027 1
98 1028 1
98 1029 1
98 1030 1
99 10 1
99 12 1
99 21 1
99 30 1
99 34 1
99 44 1
99 46 1
99 1031 1
99 1032 1
100 44 1
100 73 1
100 164 1
100 477 1
100 1033 1
100 1034 1
100 1035 1
100 1036 1
100 1037 1
100 1038 1
100 1039 1
100 1040 1
101 325 1
101 556 1
101 699 1
101 737 1
101 1041 1
102 2 1
102 21 1
102 29 1
102 50 1
102 52 1
102 61 1
102 69 1
102 75 1
102 89 1
102 104 1
102 141 1
102 570 1
102 774 1
102 1042 1
102 1043 1
102 1044 1
102 1045 1
103 2 1
103 55 1
103 60 1
103 61 1
104 50 1
104 130 1
104 403 1
104 1046 1
105 2 1
105 32 1
105 55 1
105 56 1
105 58 1
105 64 1
105 202 1
105 704 1
105 1047 1
105 1048 1
105 1049 1
105 1050 1
105 1051 1
105 1052 1
105 1053 1
105 1054 1
106 94 1
106 100 1
106 102 1
106 228 1
107 32 1
107 38 1
107 102 1
107 255 1
107 289 1
107 306 1
107 583 1
107 702 1
107 847 1
107 1050 1
107 1055 1
107 1056 1
107 1057 1
107 1058 1
107 1059 1
107 1060 1
108 61 1
108 287 1
108 289 1
108 1061 1
109 94 1
109 141 1
109 1000 1
109 1062 1
110 103 1
110 138 1
110 154 1
110 222 1
110 266 1
110 572 1
110 722 1
110 898 1
110 1060 1
110 1063 1
110 1064 1
110 1065 1
110 1066 1
110 1067 1
110 1068 1
110 1069 1
110 1070 1
110 1071 1
110 1072 1
110 1073 1
111 50 1
111 77 1
111 130 1
111 1074 1
112 32 1
112 56 1
112 64 1
112 66 1
112 140 1
112 206 1
112 221 1
112 279 1
112 325 1
112 330 1
112 362 1
112 454 1
112 612 1
112 734 1
112 1037 1
112 1040 1
112 1075 1
112 1076 1
112 1077 1
112 1078 1
112 1079 1
112 1080 1
112 1081 1
112 1082 1
112 1083 1
112 1084 1
112 1085 1
112 1086 1
112 1087 1
113 60 1
113 916 1
113 1062 1
114 34 1
114 72 1
114 114 1
114 230 1
114 289 1
114 290 1
114 306 1
114 324 1
114 546 1
114 583 1
114 665 1
114 671 1
114 744 1
114 788 1
114 805 1
114 875 1
114 1001 1
114 1081 1
114 1088 1
114 1089 1
114 1090 1
114 1091 1
114 1092 1
114 1093 1
115 21 1
115 130 1
115 206 1
115 249 1
115 278 1
115 279 1
115 280 1
115 286 1
115 341 1
115 648 1
115 654 1
115 670 1
115 725 1
115 1094 1
115 1095 1
115 1096 1
116 10 1
116 32 1
116 38 1
116 44 1
116 64 1
116 131 1
116 215 1
116 243 1
116 280 1
116 289 1
116 297 1
116 313 1
116 367 1
116 665 1
116 677 1
116 829 1
116 1097 1
116 1098 1
116 1099 1
116 1100 1
116 1101 1
116 1102 1
116 1103 1
116 1104 1
116 1105 1
116 1106 1
117 32 1
117 190 1
117 225 1
117 293 1
117 294 1
117 314 1
117 1100 1
117 1106 1
117 1107 1
117 1108 1
117 1109 1
118 10 1
118 32 1
118 46 1
118 58 1
118 66 1
118 80 1
118 81 1
118 112 1
118 179 1
118 189 1
118 190 1
118 191 1
118 206 1
118 280 1
118 290 1
118 293 1
118 294 1
118 314 1
118 316 1
118 317 1
118 426 1
118 607 1
118 678 1
118 758 1
118 847 1
118 943 1
118 1026 1
118 1077 1
118 1087 1
118 1106 1
118 1110 1
118 1111 1
118 1112 1
118 1113 1
118 1114 1
118 1115 1
118 1116 1
118 1117 1
118 1118 1
118 1119 1
118 1120 1
118 1121 1
118 1122 1
118 1123 1
118 1124 1
118 1125 1
119 32 1
119 72 1
119 131 1
119 294 1
119 335 1
119 847 1
119 1055 1
119 1126 1
120 10 1
120 32 1
120 44 1
120 89 1
120 131 1
120 156 1
120 195 1
120 202 1
120 279 1
120 286 1
120 293 1
120 294 1
120 299 1
120 331 1
120 437 1
120 439 1
120 499 1
120 583 1
120 800 1
120 1050 1
120 1077 1
120 1112 1
120 1127 1
120 1128 1
120 1129 1
120 1130 1
120 1131 1
120 1132 1
120 1133 1
120 1134 1
120 1135 1
120 1136 1
120 1137 1
120 1138 1
120 1139 1
121 44 1
121 279 1
121 321 1
121 505 1
121 745 1
121 977 1
121 1140 1
122 32 1
122 44 1
122 56 1
122 66 1
122 91 1
122 145 1
122 202 1
122 206 1
122 225 1
122 280 1
122 293 1
122 325 1
122 331 1
122 410 1
122 437 1
122 469 1
122 546 1
122 607 1
122 705 1
122 767 1
122 774 1
122 1141 1
122 1142 1
122 1143 1
122 1144 1
122 1145 1
122 1146 1
122 1147 1
122 1148 1
122 1149 1
122 1150 1
122 1151 1
122 1152 1
122 1153 1
122 1154 1
122 1155 1
122 1156 1
122 1157 1
122 1158 1
122 1159 1
122 1160 1
122 1161 1
122 1162 1
122 1163 1
122 1164 1
122 1165 1
122 1166 1
122 1167 1
123 22 1
123 34 1
123 895 1
123 1168 1
123 1169 1
124 24 1
124 32 1
124 38 1
124 66 1
124 131 1
124 174 1
124 179 1
124 180 1
124 189 1
124 223 1
124 225 1
124 247 1
124 286 1
124 336 1
124 338 1
124 426 1
124 453 1
124 466 1
124 469 1
124 507 1
124 538 1
124 767 1
124 847 1
124 1061 1
124 1062 1
124 1112 1
124 1168 1
124 1170 1
124 1171 1
124 1172 1
124 1173 1
124 1174 1
124 1175 1
124 1176 1
124 1177 1
124 1178 1
124 1179 1
124 1180 1
124 1181 1
124 1182 1
125 77 1
125 131 1
125 280 1
126 72 1
126 77 1
126 80 1
126 99 1
126 131 1
126 280 1
126 457 1
126 652 1
126 705 1
126 1039 1
126 1169 1
126 1183 1
126 1184 1
126 1185 1
126 1186 1
126 1187 1
126 1188 1
126 1189 1
126 1190 1
126 1191 1
126 1192 1
126 1193 1
127 452 1
127 1194 1
127 1195 1
128 42 1
128 190 1
128 1184 1
128 1196 1
129 48 1
129 99 1
129 435 1
129 946 1
129 1097 1
129 1184 1
129 1197 1
129 1198 1
129 1199 1
129 1200 1
129 1201 1
129 1202 1
129 1203 1
129 1204 1
129 1205 1
130 195 1
130 293 1
130 422 1
130 457 1
130 800 1
130 977 1
130 1061 1
130 1084 1
130 1184 1
130 1206 1
130 1207 1
130 1208 1
131 10 1
131 32 1
131 44 1
131 72 1
131 80 1
131 85 1
131 109 1
131 156 1
131 195 1
131 228 1
131 256 1
131 285 1
131 293 1
131 297 1
131 304 1
131 310 1
131 326 1
131 342 1
131 344 1
131 391 1
131 410 1
131 461 1
131 502 1
131 507 1
131 519 1
131 605 1
131 607 1
131 627 1
131 643 1
131 718 1
131 742 1
131 847 1
131 895 1
131 954 1
131 1030 1
131 1031 1
131 1039 1
131 1076 1
131 1077 1
131 1090 1
131 1097 1
131 1157 1
131 1209 1
131 1210 1
131 1211 1
131 1212 1
131 1213 1
131 1214 1
131 1215 1
131 1216 1
131 1217 1
131 1218 1
131 1219 1
131 1220 1
131 1221 1
131 1222 1
131 1223 1
131 1224 1
131 1225 1
131 1226 1
131 1227 1
131 1228 1
131 1229 1
131 1230 1
131 1231 1
131 1232 1
131 1233 1
131 1234 1
131 1235 1
131 1236 1
131 1237 1
131 1238 1
131 1239 1
131 1240 1
132 21 1
132 38 1
132 40 1
132 72 1
132 195 1
132 227 1
132 280 1
132 403 1
132 457 1
132 507 1
132 1095 1
132 1234 1
132 1241 1
133 64 1
133 85 1
133 195 1
133 403 1
133 583 1
133 847 1
133 1242 1
133 1243 1
133 1244 1
133 1245 1
133 1246 1
134 32 1
134 44 1
134 58 1
134 77 1
134 131 1
134 156 1
134 189 1
134 216 1
134 279 1
134 293 1
134 297 1
134 331 1
134 354 1
134 391 1
134 454 1
134 510 1
134 665 1
134 759 1
134 922 1
134 1055 1
134 1111 1
134 1112 1
134 1207 1
134 1220 1
134 1245 1
134 1247 1
134 1248 1
134 1249 1
134 1250 1
134 1251 1
134 1252 1
134 1253 1
134 1254 1
135 10 1
135 99 1
135 432 1
135 435 1
135 507 1
135 1077 1
135 1097 1
135 1199 1
135 1204 1
135 1221 1
135 1255 1
135 1256 1
136 25 1
136 130 1
136 227 1
136 266 1
136 1257 1
136 1258 1
137 131 1
137 225 1
137 280 1
137 675 1
137 1259 1
137 1260 1
137 1261 1
138 4 1
138 10 1
138 50 1
138 56 1
138 72 1
138 77 1
138 90 1
138 110 1
138 206 1
138 230 1
138 266 1
138 306 1
138 501 1
138 505 1
138 507 1
138 607 1
138 933 1
138 1196 1
138 1213 1
138 1262 1
138 1263 1
138 1264 1
138 1265 1
138 1266 1
138 1267 1
138 1268 1
138 1269 1
139 67 1
139 130 1
139 227 1
139 266 1
140 110 1
140 189 1
140 501 1
140 1270 1
140 1271 1
141 2 1
141 32 1
141 77 1
141 114 1
141 211 1
141 266 1
141 501 1
141 538 1
141 570 1
141 627 1
141 742 1
141 772 1
141 875 1
141 943 1
141 1020 1
141 1052 1
141 1272 1
141 1273 1
141 1274 1
141 1275 1
141 1276 1
141 1277 1
141 1278 1
141 1279 1
141 1280 1
142 400 1
142 933 1
142 1281 1
143 10 1
143 40 1
143 67 1
143 73 1
143 145 1
143 189 1
143 266 1
143 290 1
143 367 1
143 424 1
143 447 1
143 538 1
143 599 1
143 607 1
143 650 1
143 696 1
143 835 1
143 977 1
143 1040 1
143 1143 1
143 1192 1
143 1222 1
143 1257 1
143 1282 1
143 1283 1
143 1284 1
143 1285 1
143 1286 1
143 1287 1
143 1288 1
143 1289 1
143 1290 1
143 1291 1
143 1292 1
143 1293 1
143 1294 1
143 1295 1
143 1296 1
143 1297 1
143 1298 1
143 1299 1
143 1300 1
143 1301 1
143 1302 1
143 1303 1
143 1304 1
143 1305 1
143 1306 1
143 1307 1
143 1308 1
143 1309 1
143 1310 1
143 1311 1
143 1312 1
143 1313 1
143 1314 1
143 1315 1
144 227 1
144 249 1
144 403 1
144 745 1
144 965 1
144 1316 1
144 1317 1
145 32 1
145 38 1
145 40 1
145 44 1
145 56 1
145 58 1
145 64 1
145 71 1
145 85 1
145 89 1
145 103 1
145 110 1
145 131 1
145 179 1
145 225 1
145 249 1
145 280 1
145 331 1
145 403 1
145 466 1
145 491 1
145 495 1
145 501 1
145 577 1
145 583 1
145 626 1
145 688 1
145 862 1
145 1064 1
145 1076 1
145 1078 1
145 1101 1
145 1127 1
145 1194 1
145 1216 1
145 1227 1
145 1318 1
145 1319 1
145 1320 1
145 1321 1
145 1322 1
145 1323 1
145 1324 1
145 1325 1
145 1326 1
145 1327 1
145 1328 1
145 1329 1
146 63 1
146 81 1
146 99 1
146 129 1
146 156 1
146 306 1
146 325 1
146 338 1
146 430 1
146 454 1
146 505 1
146 577 1
146 645 1
146 788 1
146 946 1
146 1245 1
146 1253 1
146 1287 1
146 1330 1
146 1331 1
146 1332 1
146 1333 1
146 1334 1
146 1335 1
146 1336 1
146 1337 1
146 1338 1
146 1339 1
146 1340 1
146 1341 1
146 1342 1
146 1343 1
146 1344 1
147 200 1
147 652 1
147 655 1
147 656 1
147 657 1
147 658 1
148 58 1
148 297 1
148 655 1
148 1259 1
148 1341 1
148 1345 1
148 1346 1
148 1347 1
148 1348 1
148 1349 1
148 1350 1
148 1351 1
149 64 1
149 330 1
149 548 1
149 607 1
149 621 1
149 627 1
149 653 1
149 675 1
149 798 1
149 915 1
149 1300 1
149 1345 1
149 1352 1
149 1353 1
149 1354 1
149 1355 1
149 1356 1
149 1357 1
149 1358 1
149 1359 1
149 1360 1
149 1361 1
149 1362 1
149 1363 1
150 190 1
150 191 1
150 1143 1
150 1364 1
151 190 1
151 191 1
151 1365 1
151 1366 1
152 33 1
152 56 1
152 64 1
152 103 1
152 125 1
152 189 1
152 191 1
152 216 1
152 313 1
152 330 1
152 386 1
152 524 1
152 566 1
152 582 1
152 653 1
152 678 1
152 694 1
152 698 1
152 717 1
152 742 1
152 786 1
152 846 1
152 1056 1
152 1220 1
152 1225 1
152 1341 1
152 1366 1
152 1367 1
152 1368 1
152 1369 1
152 1370 1
152 1371 1
152 1372 1
152 1373 1
152 1374 1
152 1375 1
152 1376 1
152 1377 1
152 1378 1
152 1379 1
152 1380 1
152 1381 1
153 331 1
153 1382 1
154 34 1
154 290 1
154 426 1
154 728 1
154 745 1
154 1259 1
154 1383 1
155 43 1
155 270 1
155 290 1
155 607 1
155 1129 1
155 1345 1
156 77 1
156 266 1
156 287 1
156 290 1
156 337 1
156 538 1
156 652 1
156 678 1
156 708 1
156 722 1
156 806 1
156 1077 1
156 1103 1
156 1384 1
156 1385 1
156 1386 1
156 1387 1
156 1388 1
156 1389 1
156 1390 1
156 1391 1
157 19 1
157 32 1
157 80 1
157 125 1
157 335 1
157 1392 1
158 19 1
158 32 1
158 72 1
158 77 1
158 101 1
158 102 1
158 109 1
158 125 1
158 145 1
158 162 1
158 169 1
158 191 1
158 206 1
158 228 1
158 287 1
158 289 1
158 342 1
158 570 1
158 592 1
158 708 1
158 722 1
158 742 1
158 830 1
158 848 1
158 918 1
158 920 1
158 1103 1
158 1143 1
158 1238 1
158 1384 1
158 1388 1
158 1393 1
158 1394 1
158 1395 1
158 1396 1
158 1397 1
158 1398 1
158 1399 1
158 1400 1
158 1401 1
158 1402 1
158 1403 1
159 10 1
159 44 1
159 67 1
159 80 1
159 570 1
159 770 1
159 1404 1
159 1405 1
159 1406 1
160 85 1
160 125 1
160 131 1
160 138 1
160 169 1
160 249 1
160 263 1
160 306 1
160 386 1
160 586 1
160 624 1
160 678 1
160 846 1
160 1082 1
160 1087 1
160 1114 1
160 1133 1
160 1156 1
160 1223 1
160 1301 1
160 1343 1
160 1406 1
160 1407 1
160 1408 1
160 1409 1
160 1410 1
160 1411 1
160 1412 1
160 1413 1
160 1414 1
160 1415 1
160 1416 1
160 1417 1
160 1418 1
160 1419 1
160 1420 1
160 1421 1
160 1422 1
160 1423 1
160 1424 1
160 1425 1
160 1426 1
160 1427 1
160 1428 1
160 1429 1
160 1430 1
160 1431 1
160 1432 1
160 1433 1
161 772 1
161 805 1
161 1131 1
161 1434 1
162 80 1
162 145 1
162 179 1
162 182 1
162 187 1
162 202 1
162 289 1
162 435 1
162 469 1
162 512 1
162 570 1
162 742 1
162 774 1
162 847 1
162 1081 1
162 1097 1
162 1214 1
162 1435 1
162 1436 1
162 1437 1
162 1438 1
162 1439 1
162 1440 1
162 1441 1
163 93 1
163 656 1
163 657 1
163 1442 1
164 93 1
164 285 1
164 657 1
164 1443 1
165 10 1
165 27 1
165 38 1
165 91 1
165 93 1
165 103 1
165 189 1
165 191 1
165 522 1
165 570 1
165 586 1
165 627 1
165 793 1
165 846 1
165 1014 1
165 1220 1
165 1419 1
165 1444 1
165 1445 1
165 1446 1
165 1447 1
165 1448 1
165 1449 1
165 1450 1
165 1451 1
165 1452 1
165 1453 1
166 29 1
166 56 1
166 64 1
166 85 1
166 90 1
166 93 1
166 145 1
166 216 1
166 285 1
166 290 1
166 325 1
166 494 1
166 512 1
166 657 1
166 671 1
166 683 1
166 711 1
166 745 1
166 793 1
166 1089 1
166 1225 1
166 1277 1
166 1280 1
166 1425 1
166 1437 1
166 1441 1
166 1442 1
166 1454 1
166 1455 1
166 1456 1
166 1457 1
166 1458 1
166 1459 1
166 1460 1
166 1461 1
166 1462 1
166 1463 1
166 1464 1
166 1465 1
166 1466 1
166 1467 1
167 29 1
167 93 1
167 423 1
167 570 1
167 689 1
167 711 1
167 1468 1
168 23 1
168 32 1
168 44 1
168 109 1
168 140 1
168 145 1
168 154 1
168 189 1
168 216 1
168 228 1
168 266 1
168 277 1
168 325 1
168 422 1
168 479 1
168 524 1
168 545 1
168 570 1
168 636 1
168 648 1
168 657 1
168 675 1
168 704 1
168 764 1
168 835 1
168 866 1
168 876 1
168 1101 1
168 1216 1
168 1226 1
168 1230 1
168 1339 1
168 1345 1
168 1372 1
168 1438 1
168 1455 1
168 1468 1
168 1469 1
168 1470 1
168 1471 1
168 1472 1
168 1473 1
168 1474 1
168 1475 1
168 1476 1
168 1477 1
168 1478 1
168 1479 1
168 1480 1
168 1481 1
168 1482 1
168 1483 1
168 1484 1
168 1485 1
169 818 1
169 819 1
169 820 1
170 56 1
170 64 1
170 83 1
170 85 1
170 153 1
170 191 1
170 197 1
170 426 1
170 586 1
170 627 1
170 648 1
170 703 1
170 752 1
170 818 1
170 822 1
170 826 1
170 954 1
170 1097 1
170 1237 1
170 1486 1
170 1487 1
170 1488 1
170 1489 1
170 1490 1
170 1491 1
170 1492 1
170 1493 1
170 1494 1
170 1495 1
170 1496 1
170 1497 1
170 1498 1
170 1499 1
170 1500 1
170 1501 1
170 1502 1
171 153 1
171 390 1
171 705 1
171 822 1
171 1494 1
171 1503 1
171 1504 1
171 1505 1
171 1506 1
172 56 1
172 89 1
172 115 1
172 153 1
172 167 1
172 206 1
172 229 1
172 258 1
172 330 1
172 342 1
172 390 1
172 601 1
172 627 1
172 657 1
172 681 1
172 717 1
172 722 1
172 742 1
172 788 1
172 915 1
172 933 1
172 1000 1
172 1064 1
172 1134 1
172 1135 1
172 1156 1
172 1213 1
172 1237 1
172 1429 1
172 1507 1
172 1508 1
172 1509 1
172 1510 1
172 1511 1
172 1512 1
172 1513 1
172 1514 1
172 1515 1
172 1516 1
172 1517 1
172 1518 1
173 58 1
173 627 1
173 689 1
173 788 1
173 822 1
173 910 1
173 1519 1
174 56 1
174 109 1
174 162 1
174 195 1
174 206 1
174 313 1
174 325 1
174 524 1
174 570 1
174 645 1
174 689 1
174 754 1
174 907 1
174 910 1
174 974 1
174 1001 1
174 1064 1
174 1156 1
174 1308 1
174 1440 1
174 1520 1
174 1521 1
174 1522 1
174 1523 1
174 1524 1
174 1525 1
174 1526 1
174 1527 1
174 1528 1
174 1529 1
174 1530 1
174 1531 1
174 1532 1
174 1533 1
175 72 1
175 77 1
175 100 1
175 102 1
175 117 1
175 125 1
175 138 1
175 293 1
175 307 1
175 325 1
175 362 1
175 401 1
175 402 1
175 435 1
175 505 1
175 507 1
175 542 1
175 627 1
175 648 1
175 654 1
175 693 1
175 784 1
175 826 1
175 853 1
175 866 1
175 887 1
175 933 1
175 934 1
175 1013 1
175 1064 1
175 1097 1
175 1136 1
175 1161 1
175 1170 1
175 1213 1
175 1214 1
175 1251 1
175 1261 1
175 1342 1
175 1395 1
175 1438 1
175 1440 1
175 1534 1
175 1535 1
175 1536 1
175 1537 1
175 1538 1
175 1539 1
175 1540 1
175 1541 1
175 1542 1
175 1543 1
175 1544 1
175 1545 1
175 1546 1
175 1547 1
175 1548 1
175 1549 1
175 1550 1
175 1551 1
175 1552 1
175 1553 1
175 1554 1
175 1555 1
175 1556 1
175 1557 1
176 64 1
176 85 1
176 109 1
176 174 1
176 230 1
176 505 1
176 507 1
176 769 1
176 1259 1
176 1278 1
176 1558 1
176 1559 1
176 1560 1
176 1561 1
176 1562 1
176 1563 1
176 1564 1
177 625 1
177 654 1
177 725 1
177 1565 1
177 1566 1
177 1567 1
178 81 1
178 130 1
178 1568 1
179 22 1
179 58 1
179 64 1
179 81 1
179 104 1
179 112 1
179 191 1
179 195 1
179 206 1
179 230 1
179 235 1
179 256 1
179 308 1
179 310 1
179 325 1
179 507 1
179 532 1
179 607 1
179 671 1
179 678 1
179 681 1
179 688 1
179 717 1
179 721 1
179 722 1
179 846 1
179 847 1
179 875 1
179 933 1
179 958 1
179 964 1
179 1020 1
179 1040 1
179 1089 1
179 1114 1
179 1150 1
179 1225 1
179 1227 1
179 1264 1
179 1265 1
179 1267 1
179 1352 1
179 1363 1
179 1408 1
179 1427 1
179 1430 1
179 1463 1
179 1489 1
179 1502 1
179 1510 1
179 1565 1
179 1566 1
179 1568 1
179 1569 1
179 1570 1
179 1571 1
179 1572 1
179 1573 1
179 1574 1
179 1575 1
179 1576 1
179 1577 1
179 1578 1
179 1579 1
179 1580 1
179 1581 1
179 1582 1
179 1583 1
179 1584 1
179 1585 1
179 1586 1
179 1587 1
179 1588 1
179 1589 1
179 1590 1
179 1591 1
179 1592 1
179 1593 1
180 22 1
180 145 1
180 974 1
180 986 1
181 19 1
181 22 1
181 38 1
181 40 1
181 58 1
181 64 1
181 103 1
181 138 1
181 140 1
181 145 1
181 154 1
181 174 1
181 180 1
181 191 1
181 196 1
181 266 1
181 290 1
181 338 1
181 362 1
181 391 1
181 450 1
181 461 1
181 469 1
181 500 1
181 502 1
181 507 1
181 514 1
181 572 1
181 577 1
181 586 1
181 587 1
181 599 1
181 607 1
181 660 1
181 665 1
181 693 1
181 703 1
181 709 1
181 752 1
181 879 1
181 895 1
181 934 1
181 944 1
181 958 1
181 1259 1
181 1274 1
181 1291 1
181 1340 1
181 1356 1
181 1383 1
181 1445 1
181 1467 1
181 1489 1
181 1494 1
181 1510 1
181 1538 1
181 1566 1
181 1594 1
181 1595 1
181 1596 1
181 1597 1
181 1598 1
181 1599 1
181 1600 1
181 1601 1
181 1602 1
181 1603 1
181 1604 1
181 1605 1
181 1606 1
181 1607 1
181 1608 1
181 1609 1
181 1610 1
181 1611 1
181 1612 1
181 1613 1
181 1614 1
181 1615 1
181 1616 1
181 1617 1
181 1618 1
181 1619 1
181 1620 1
181 1621 1
182 472 1
182 570 1
182 915 1
183 58 1
183 129 1
183 191 1
183 212 1
183 290 1
183 507 1
183 681 1
183 915 1
183 1013 1
183 1063 1
183 1081 1
183 1144 1
183 1478 1
183 1507 1
183 1622 1
183 1623 1
183 1624 1
183 1625 1
183 1626 1
183 1627 1
183 1628 1
183 1629 1
183 1630 1
184 472 1
184 507 1
184 657 1
184 720 1
184 898 1
184 915 1
184 919 1
184 1383 1
184 1631 1
185 38 1
185 50 1
185 56 1
185 64 1
185 66 1
185 71 1
185 77 1
185 81 1
185 110 1
185 131 1
185 138 1
185 162 1
185 189 1
185 191 1
185 206 1
185 208 1
185 228 1
185 238 1
185 290 1
185 295 1
185 363 1
185 436 1
185 456 1
185 502 1
185 507 1
185 538 1
185 564 1
185 621 1
185 665 1
185 667 1
185 709 1
185 719 1
185 724 1
185 730 1
185 742 1
185 784 1
185 788 1
185 896 1
185 915 1
185 942 1
185 951 1
185 1091 1
185 1187 1
185 1199 1
185 1206 1
185 1242 1
185 1259 1
185 1339 1
185 1368 1
185 1397 1
185 1467 1
185 1541 1
185 1561 1
185 1580 1
185 1592 1
185 1632 1
185 1633 1
185 1634 1
185 1635 1
185 1636 1
185 1637 1
185 1638 1
185 1639 1
185 1640 1
185 1641 1
185 1642 1
185 1643 1
185 1644 1
185 1645 1
185 1646 1
185 1647 1
185 1648 1
185 1649 1
185 1650 1
185 1651 1
185 1652 1
185 1653 1
185 1654 1
185 1655 1
186 436 1
186 938 1
186 939 1
186 956 1
187 940 1
187 956 1
187 958 1
187 970 1
187 1377 1
187 1565 1
187 1656 1
188 313 1
188 426 1
188 939 1
188 1657 1
189 94 1
189 97 1
189 115 1
189 951 1
189 956 1
189 958 1
189 1516 1
189 1657 1
189 1658 1
189 1659 1
190 56 1
190 94 1
190 117 1
190 191 1
190 194 1
190 211 1
190 505 1
190 507 1
190 592 1
190 663 1
190 693 1
190 764 1
190 848 1
190 922 1
190 938 1
190 939 1
190 940 1
190 979 1
190 1064 1
190 1230 1
190 1264 1
190 1321 1
190 1340 1
190 1345 1
190 1528 1
190 1551 1
190 1568 1
190 1660 1
190 1661 1
190 1662 1
190 1663 1
190 1664 1
190 1665 1
190 1666 1
190 1667 1
190 1668 1
190 1669 1
190 1670 1
190 1671 1
190 1672 1
190 1673 1
190 1674 1
190 1675 1
190 1676 1
190 1677 1
190 1678 1
190 1679 1
190 1680 1
191 970 1
191 1681 1
192 56 1
192 109 1
192 125 1
192 211 1
192 238 1
192 256 1
192 266 1
192 287 1
192 296 1
192 708 1
192 752 1
192 921 1
192 970 1
192 1072 1
192 1087 1
192 1091 1
192 1370 1
192 1574 1
192 1641 1
192 1682 1
192 1683 1
192 1684 1
192 1685 1
192 1686 1
192 1687 1
192 1688 1
192 1689 1
192 1690 1
192 1691 1
192 1692 1
192 1693 1
192 1694 1
192 1695 1
192 1696 1
192 1697 1
192 1698 1
192 1699 1
192 1700 1
192 1701 1
192 1702 1
193 34 1
193 46 1
193 49 1
193 80 1
193 422 1
193 604 1
193 1192 1
193 1475 1
193 1703 1
194 109 1
194 115 1
194 367 1
194 507 1
194 1150 1
195 54 1
195 367 1
195 524 1
195 648 1
195 1090 1
195 1376 1
195 1644 1
195 1704 1
195 1705 1
196 3 1
196 7 1
196 8 1
196 9 1
196 12 1
196 15 1
196 18 1
196 26 1
196 28 1
196 31 1
196 32 1
196 33 1
196 35 1
196 39 1
196 40 1
196 41 1
196 42 1
196 49 1
196 139 1
196 422 1
196 583 1
196 681 1
196 712 1
196 946 1
196 1022 1
196 1023 1
196 1027 1
196 1028 1
196 1029 1
196 1088 1
196 1124 1
196 1226 1
196 1259 1
196 1391 1
196 1429 1
196 1706 1
196 1707 1
197 34 1
197 44 1
197 106 1
197 1708 1
197 1709 1
198 12 1
198 32 1
198 40 1
198 44 1
198 131 1
198 136 1
198 164 1
198 280 1
198 430 1
198 489 1
198 491 1
198 495 1
198 652 1
198 654 1
198 688 1
198 709 1
198 734 1
198 744 1
198 792 1
198 801 1
198 1038 1
198 1053 1
198 1101 1
198 1140 1
198 1214 1
198 1439 1
198 1710 1
198 1711 1
198 1712 1
198 1713 1
198 1714 1
198 1715 1
198 1716 1
198 1717 1
198 1718 1
198 1719 1
198 1720 1
198 1721 1
198 1722 1
198 1723 1
198 1724 1
198 1725 1
198 1726 1
198 1727 1
198 1728 1
198 1729 1
198 1730 1
198 1731 1
198 1732 1
198 1733 1
199 10 1
199 43 1
199 46 1
199 73 1
199 1095 1
200 32 1
200 36 1
200 43 1
200 73 1
200 218 1
200 246 1
200 285 1
200 367 1
200 411 1
200 432 1
200 434 1
200 742 1
200 1106 1
200 1115 1
200 1192 1
200 1220 1
200 1238 1
200 1305 1
200 1415 1
200 1433 1
200 1679 1
200 1734 1
200 1735 1
200 1736 1
200 1737 1
200 1738 1
200 1739 1
200 1740 1
200 1741 1
200 1742 1
200 1743 1
200 1744 1
200 1745 1
200 1746 1
200 1747 1
200 1748 1
200 1749 1
200 1750 1
201 2 1
201 60 1
201 61 1
201 73 1
201 75 1
201 141 1
201 1095 1
201 1751 1
201 1752 1
201 1753 1
202 50 1
202 52 1
202 56 1
202 64 1
202 67 1
202 69 1
202 72 1
202 75 1
202 152 1
202 403 1
202 847 1
202 915 1
202 1043 1
202 1048 1
202 1752 1
202 1754 1
202 1755 1
203 50 1
203 52 1
203 60 1
203 64 1
203 151 1
203 499 1
203 1014 1
203 1557 1
203 1756 1
204 58 1
204 60 1
204 718 1
204 898 1
204 1315 1
204 1372 1
204 1739 1
204 1757 1
204 1758 1
205 52 1
205 194 1
205 317 1
205 546 1
205 854 1
205 1557 1
205 1759 1
206 38 1
206 40 1
206 77 1
206 94 1
206 466 1
206 491 1
206 688 1
206 1070 1
206 1222 1
206 1233 1
206 1697 1
206 1721 1
206 1760 1
206 1761 1
206 1762 1
206 1763 1
206 1764 1
207 94 1
207 1765 1
208 32 1
208 93 1
208 123 1
208 139 1
208 153 1
208 222 1
208 255 1
208 650 1
208 683 1
208 752 1
208 801 1
208 840 1
208 1044 1
208 1059 1
208 1766 1
209 64 1
209 89 1
209 94 1
209 154 1
209 503 1
209 608 1
209 840 1
210 28 1
210 49 1
210 64 1
210 99 1
210 179 1
210 310 1
210 742 1
210 752 1
210 801 1
210 811 1
210 851 1
210 1140 1
210 1415 1
210 1720 1
210 1722 1
210 1724 1
210 1760 1
210 1767 1
210 1768 1
210 1769 1
210 1770 1
210 1771 1
210 1772 1
210 1773 1
210 1774 1
210 1775 1
210 1776 1
210 1777 1
210 1778 1
211 42 1
211 49 1
211 77 1
211 99 1
211 218 1
211 308 1
211 1697 1
212 32 1
212 49 1
212 64 1
212 121 1
212 123 1
212 153 1
212 195 1
212 196 1
212 218 1
212 255 1
212 317 1
212 683 1
212 966 1
212 1044 1
212 1065 1
212 1137 1
212 1756 1
212 1779 1
212 1780 1
212 1781 1
212 1782 1
212 1783 1
212 1784 1
212 1785 1
212 1786 1
212 1787 1
213 60 1
213 916 1
214 32 1
214 44 1
214 60 1
214 62 1
214 64 1
214 81 1
214 121 1
214 145 1
214 158 1
214 191 1
214 238 1
214 295 1
214 298 1
214 303 1
214 317 1
214 505 1
214 645 1
214 708 1
214 743 1
214 745 1
214 790 1
214 816 1
214 873 1
214 916 1
214 966 1
214 1136 1
214 1150 1
214 1225 1
214 1340 1
214 1462 1
214 1724 1
214 1726 1
214 1788 1
214 1789 1
214 1790 1
214 1791 1
214 1792 1
214 1793 1
214 1794 1
214 1795 1
214 1796 1
214 1797 1
214 1798 1
214 1799 1
214 1800 1
214 1801 1
214 1802 1
214 1803 1
214 1804 1
215 50 1
215 130 1
215 1754 1
215 1805 1
216 50 1
216 63 1
216 77 1
216 81 1
216 103 1
216 109 1
216 111 1
216 190 1
216 196 1
216 238 1
216 343 1
216 387 1
216 583 1
216 654 1
216 655 1
216 663 1
216 708 1
216 800 1
216 811 1
216 964 1
216 1006 1
216 1081 1
216 1097 1
216 1144 1
216 1150 1
216 1345 1
216 1401 1
216 1415 1
216 1418 1
216 1475 1
216 1478 1
216 1488 1
216 1535 1
216 1735 1
216 1798 1
216 1801 1
216 1806 1
216 1807 1
216 1808 1
216 1809 1
216 1810 1
216 1811 1
216 1812 1
216 1813 1
216 1814 1
216 1815 1
216 1816 1
216 1817 1
216 1818 1
216 1819 1
216 1820 1
217 28 1
217 34 1
217 49 1
217 60 1
217 249 1
217 278 1
217 281 1
217 1105 1
217 1561 1
218 24 1
218 34 1
218 190 1
218 335 1
218 1259 1
218 1348 1
219 32 1
219 44 1
219 77 1
219 80 1
219 85 1
219 101 1
219 109 1
219 117 1
219 121 1
219 164 1
219 247 1
219 260 1
219 279 1
219 290 1
219 297 1
219 417 1
219 419 1
219 435 1
219 495 1
219 532 1
219 558 1
219 561 1
219 583 1
219 665 1
219 742 1
219 787 1
219 829 1
219 866 1
219 1053 1
219 1101 1
219 1161 1
219 1251 1
219 1254 1
219 1259 1
219 1265 1
219 1455 1
219 1548 1
219 1763 1
219 1821 1
219 1822 1
219 1823 1
219 1824 1
219 1825 1
219 1826 1
219 1827 1
219 1828 1
219 1829 1
219 1830 1
219 1831 1
219 1832 1
219 1833 1
219 1834 1
219 1835 1
219 1836 1
219 1837 1
219 1838 1
219 1839 1
220 10 1
220 297 1
220 1055 1
221 32 1
221 44 1
221 58 1
221 81 1
221 121 1
221 145 1
221 191 1
221 255 1
221 514 1
221 561 1
221 665 1
221 1053 1
221 1225 1
221 1633 1
221 1840 1
221 1841 1
221 1842 1
221 1843 1
222 32 1
222 190 1
222 225 1
222 293 1
222 294 1
222 314 1
222 422 1
222 778 1
223 32 1
223 139 1
223 225 1
223 294 1
223 743 1
223 1126 1
224 44 1
224 320 1
224 321 1
224 745 1
224 977 1
224 1389 1
224 1844 1
225 24 1
225 32 1
225 44 1
225 49 1
225 55 1
225 108 1
225 206 1
225 290 1
225 302 1
225 469 1
225 660 1
225 665 1
225 717 1
225 742 1
225 745 1
225 772 1
225 798 1
225 881 1
225 992 1
225 1120 1
225 1148 1
225 1161 1
225 1185 1
225 1251 1
225 1536 1
225 1647 1
225 1682 1
225 1817 1
225 1823 1
225 1833 1
225 1835 1
225 1845 1
225 1846 1
225 1847 1
225 1848 1
225 1849 1
225 1850 1
225 1851 1
225 1852 1
225 1853 1
225 1854 1
225 1855 1
225 1856 1
225 1857 1
225 1858 1
225 1859 1
225 1860 1
225 1861 1
225 1862 1
225 1863 1
225 1864 1
225 1865 1
225 1866 1
226 32 1
226 1867 1
226 1868 1
227 27 1
227 32 1
227 58 1
227 114 1
227 423 1
227 665 1
227 866 1
227 1136 1
227 1395 1
227 1869 1
227 1870 1
228 1062 1
228 1871 1
229 77 1
229 131 1
229 279 1
229 280 1
229 1348 1
230 38 1
230 40 1
230 58 1
230 77 1
230 99 1
230 131 1
230 206 1
230 225 1
230 247 1
230 270 1
230 280 1
230 291 1
230 297 1
230 310 1
230 341 1
230 405 1
230 407 1
230 414 1
230 665 1
230 774 1
230 888 1
230 1156 1
230 1170 1
230 1263 1
230 1630 1
230 1776 1
230 1872 1
230 1873 1
230 1874 1
230 1875 1
230 1876 1
230 1877 1
230 1878 1
230 1879 1
230 1880 1
230 1881 1
230 1882 1
230 1883 1
231 32 1
231 131 1
231 249 1
231 280 1
231 451 1
231 452 1
231 454 1
232 44 1
232 58 1
232 81 1
232 115 1
232 247 1
232 290 1
232 643 1
232 871 1
232 881 1
232 1120 1
232 1166 1
232 1188 1
232 1190 1
232 1406 1
232 1445 1
232 1654 1
232 1702 1
232 1884 1
232 1885 1
232 1886 1
233 847 1
233 1850 1
233 1887 1
234 32 1
234 42 1
234 44 1
234 49 1
234 52 1
234 58 1
234 77 1
234 80 1
234 99 1
234 103 1
234 145 1
234 280 1
234 507 1
234 774 1
234 847 1
234 866 1
234 942 1
234 954 1
234 1067 1
234 1170 1
234 1650 1
234 1851 1
234 1887 1
234 1888 1
234 1889 1
234 1890 1
234 1891 1
235 42 1
235 190 1
235 1196 1
235 1892 1
235 1893 1
236 2 1
236 465 1
236 1184 1
236 1196 1
236 1415 1
236 1850 1
236 1894 1
236 1895 1
236 1896 1
236 1897 1
236 1898 1
236 1899 1
236 1900 1
236 1901 1
236 1902 1
236 1903 1
237 457 1
237 478 1
237 910 1
237 1871 1
237 1904 1
237 1905 1
237 1906 1
238 44 1
238 52 1
238 103 1
238 121 1
238 156 1
238 195 1
238 426 1
238 457 1
238 572 1
238 717 1
238 737 1
238 866 1
238 1097 1
238 1170 1
238 1184 1
238 1205 1
238 1207 1
238 1905 1
238 1907 1
238 1908 1
238 1909 1
238 1910 1
238 1911 1
239 32 1
239 99 1
239 1288 1
239 1415 1
239 1862 1
239 1911 1
239 1912 1
239 1913 1
239 1914 1
240 32 1
240 266 1
240 341 1
240 1053 1
240 1915 1
241 38 1
241 40 1
241 109 1
241 138 1
241 491 1
241 524 1
241 665 1
241 683 1
241 688 1
241 847 1
241 865 1
241 1263 1
241 1462 1
241 1728 1
241 1784 1
241 1862 1
241 1894 1
241 1916 1
241 1917 1
242 25 1
242 195 1
242 892 1
242 1894 1
242 1918 1
243 38 1
243 665 1
243 688 1
243 1265 1
243 1462 1
244 25 1
244 89 1
244 130 1
244 266 1
244 505 1
245 32 1
245 77 1
245 191 1
245 290 1
245 457 1
245 927 1
245 1779 1
246 653 1
246 656 1
246 657 1
246 1378 1
247 206 1
247 266 1
247 1378 1
248 38 1
248 58 1
248 326 1
248 491 1
248 688 1
248 840 1
248 1919 1
249 191 1
249 515 1
249 516 1
250 40 1
250 103 1
250 131 1
250 139 1
250 145 1
250 194 1
250 266 1
250 325 1
250 353 1
250 415 1
250 502 1
250 507 1
250 567 1
250 662 1
250 939 1
250 1053 1
250 1526 1
250 1920 1
250 1921 1
250 1922 1
250 1923 1
250 1924 1
250 1925 1
251 266 1
251 521 1
251 522 1
251 523 1
251 524 1
252 238 1
252 252 1
252 559 1
252 711 1
252 787 1
252 1053 1
253 52 1
253 89 1
253 521 1
253 736 1
253 1926 1
253 1927 1
254 38 1
254 81 1
254 195 1
254 334 1
254 508 1
254 521 1
254 1136 1
254 1468 1
254 1928 1
254 1929 1
254 1930 1
255 266 1
255 1931 1
256 10 1
256 38 1
256 49 1
256 52 1
256 58 1
256 123 1
256 174 1
256 189 1
256 279 1
256 403 1
256 507 1
256 583 1
256 689 1
256 1649 1
256 1932 1
256 1933 1
256 1934 1
256 1935 1
256 1936 1
256 1937 1
257 227 1
257 403 1
257 665 1
257 1241 1
258 62 1
258 127 1
258 179 1
258 256 1
258 657 1
258 681 1
258 688 1
258 840 1
258 851 1
258 1136 1
258 1724 1
258 1736 1
258 1938 1
258 1939 1
259 69 1
259 182 1
259 847 1
259 1010 1
260 62 1
260 99 1
260 865 1
260 1940 1
261 341 1
261 652 1
261 656 1
261 657 1
261 658 1
262 300 1
262 514 1
263 58 1
263 114 1
263 139 1
263 270 1
263 507 1
263 847 1
263 865 1
263 1185 1
263 1871 1
263 1940 1
263 1941 1
263 1942 1
263 1943 1
264 391 1
264 426 1
264 652 1
264 728 1
264 1206 1
265 32 1
265 62 1
265 81 1
265 121 1
265 191 1
265 293 1
265 312 1
265 594 1
265 770 1
265 824 1
265 835 1
265 1334 1
265 1415 1
265 1715 1
265 1793 1
265 1827 1
265 1944 1
265 1945 1
265 1946 1
265 1947 1
265 1948 1
265 1949 1
265 1950 1
265 1951 1
265 1952 1
266 1502 1
266 1557 1
266 1953 1
267 58 1
267 140 1
267 189 1
267 216 1
267 367 1
267 742 1
267 774 1
267 922 1
267 1259 1
267 1265 1
267 1472 1
267 1577 1
267 1587 1
267 1650 1
267 1793 1
267 1943 1
267 1952 1
267 1954 1
267 1955 1
267 1956 1
267 1957 1
268 32 1
268 772 1
268 1025 1
268 1055 1
268 1365 1
268 1372 1
268 1434 1
268 1813 1
268 1956 1
268 1958 1
269 99 1
269 121 1
269 208 1
269 290 1
269 538 1
269 586 1
269 793 1
269 1081 1
269 1101 1
269 1136 1
269 1395 1
269 1422 1
269 1455 1
269 1502 1
269 1525 1
269 1557 1
269 1740 1
269 1952 1
269 1959 1
269 1960 1
269 1961 1
269 1962 1
269 1963 1
269 1964 1
269 1965 1
269 1966 1
270 121 1
270 1502 1
270 1826 1
270 1967 1
270 1968 1
271 325 1
271 665 1
271 1969 1
272 1442 1
272 1502 1
272 1557 1
273 23 1
273 26 1
273 72 1
273 90 1
273 503 1
273 711 1
273 742 1
273 1195 1
273 1557 1
273 1826 1
273 1948 1
273 1970 1
273 1971 1
273 1972 1
274 291 1
274 656 1
274 657 1
274 916 1
274 1442 1
275 290 1
275 456 1
275 711 1
275 773 1
275 865 1
275 866 1
275 1463 1
275 1782 1
275 1833 1
275 1973 1
275 1974 1
275 1975 1
276 93 1
276 570 1
276 650 1
276 657 1
276 681 1
276 943 1
276 1976 1
277 58 1
277 179 1
277 627 1
277 657 1
277 840 1
277 1415 1
277 1977 1
278 32 1
278 44 1
278 50 1
278 99 1
278 114 1
278 136 1
278 279 1
278 293 1
278 524 1
278 654 1
278 840 1
278 851 1
278 876 1
278 1022 1
278 1099 1
278 1112 1
278 1115 1
278 1319 1
278 1720 1
278 1724 1
278 1784 1
278 1975 1
278 1977 1
278 1978 1
278 1979 1
278 1980 1
278 1981 1
278 1982 1
278 1983 1
278 1984 1
278 1985 1
279 138 1
279 179 1
279 230 1
279 291 1
279 657 1
279 681 1
279 840 1
279 1067 1
279 1977 1
279 1986 1
280 266 1
280 326 1
280 500 1
280 699 1
280 1530 1
280 1785 1
281 503 1
281 688 1
281 693 1
282 49 1
282 52 1
282 85 1
282 179 1
282 208 1
282 212 1
282 310 1
282 317 1
282 524 1
282 572 1
282 657 1
282 693 1
282 694 1
282 851 1
282 949 1
282 1463 1
282 1724 1
282 1935 1
282 1987 1
282 1988 1
282 1989 1
282 1990 1
282 1991 1
282 1992 1
282 1993 1
282 1994 1
283 262 1
283 818 1
283 819 1
283 820 1
284 32 1
284 44 1
284 49 1
284 64 1
284 99 1
284 167 1
284 208 1
284 216 1
284 312 1
284 385 1
284 436 1
284 469 1
284 656 1
284 657 1
284 681 1
284 742 1
284 822 1
284 832 1
284 944 1
284 1340 1
284 1505 1
284 1734 1
284 1737 1
284 1836 1
284 1995 1
284 1996 1
284 1997 1
284 1998 1
284 1999 1
284 2000 1
284 2001 1
284 2002 1
284 2003 1
284 2004 1
284 2005 1
284 2006 1
284 2007 1
285 32 1
285 34 1
285 64 1
285 382 1
285 570 1
285 656 1
285 822 1
285 1259 1
285 1718 1
285 2008 1
285 2009 1
285 2010 1
286 30 1
286 58 1
286 93 1
286 181 1
286 225 1
286 290 1
286 337 1
286 359 1
286 381 1
286 382 1
286 507 1
286 787 1
286 969 1
286 1031 1
286 1109 1
286 1161 1
286 1264 1
286 1288 1
286 1699 1
286 1729 1
286 1760 1
286 1833 1
286 1920 1
286 1948 1
286 1977 1
286 1998 1
286 2011 1
286 2012 1
286 2013 1
286 2014 1
286 2015 1
286 2016 1
286 2017 1
286 2018 1
286 2019 1
286 2020 1
286 2021 1
286 2022 1
286 2023 1
286 2024 1
287 625 1
287 654 1
287 725 1
287 1565 1
287 1566 1
287 1567 1
287 2025 1
288 22 1
288 77 1
288 167 1
288 195 1
288 254 1
288 290 1
288 352 1
288 507 1
288 607 1
288 650 1
288 654 1
288 742 1
288 745 1
288 746 1
288 986 1
288 1177 1
288 1225 1
288 1455 1
288 1493 1
288 1565 1
288 1566 1
288 1587 1
288 1588 1
288 1798 1
288 1846 1
288 2026 1
288 2027 1
288 2028 1
288 2029 1
288 2030 1
288 2031 1
288 2032 1
288 2033 1
288 2034 1
288 2035 1
288 2036 1
288 2037 1
288 2038 1
288 2039 1
288 2040 1
288 2041 1
288 2042 1
288 2043 1
288 2044 1
288 2045 1
288 2046 1
288 2047 1
288 2048 1
288 2049 1
288 2050 1
288 2051 1
289 22 1
289 426 1
289 824 1
289 974 1
289 1588 1
290 32 1
290 162 1
290 169 1
290 475 1
290 859 1
290 974 1
290 1455 1
290 1567 1
290 2003 1
290 2052 1
290 2053 1
290 2054 1
290 2055 1
290 2056 1
290 2057 1
290 2058 1
290 2059 1
291 524 1
291 969 1
291 1718 1
291 2023 1
292 58 1
292 385 1
292 951 1
292 969 1
292 2023 1
293 22 1
293 51 1
293 169 1
293 990 1
293 992 1
293 999 1
293 1000 1
293 1001 1
294 32 1
294 49 1
294 65 1
294 103 1
294 108 1
294 125 1
294 206 1
294 216 1
294 221 1
294 251 1
294 290 1
294 300 1
294 551 1
294 566 1
294 898 1
294 951 1
294 1150 1
294 1415 1
294 1525 1
294 1545 1
294 1817 1
294 1836 1
294 1948 1
294 1961 1
294 2060 1
294 2061 1
294 2062 1
294 2063 1
294 2064 1
294 2065 1
294 2066 1
295 570 1
295 915 1
295 2067 1
296 32 1
296 110 1
296 169 1
296 224 1
296 545 1
296 570 1
296 774 1
296 793 1
296 832 1
296 836 1
296 915 1
296 1836 1
296 2068 1
296 2069 1
296 2070 1
296 2071 1
296 2072 1
297 657 1
297 919 1
298 85 1
298 99 1
298 145 1
298 915 1
298 954 1
298 964 1
298 1261 1
298 2073 1
298 2074 1
299 570 1
299 936 1
299 2075 1
299 2076 1
300 11 1
300 32 1
300 97 1
300 99 1
300 125 1
300 212 1
300 556 1
300 589 1
300 717 1
300 721 1
300 726 1
300 733 1
300 2077 1
300 2078 1
300 2079 1
300 2080 1
301 80 1
301 201 1
301 570 1
301 859 1
301 1566 1
301 1792 1
301 2081 1
301 2082 1
301 2083 1
301 2084 1
301 2085 1
302 313 1
302 570 1
302 938 1
302 985 1
302 2086 1
303 43 1
303 99 1
303 169 1
303 230 1
303 270 1
303 290 1
303 601 1
303 705 1
303 721 1
303 744 1
303 938 1
303 939 1
303 956 1
303 958 1
303 970 1
303 1021 1
303 1185 1
303 1362 1
303 1455 1
303 1663 1
303 1956 1
303 2077 1
303 2087 1
303 2088 1
303 2089 1
303 2090 1
303 2091 1
303 2092 1
303 2093 1
303 2094 1
303 2095 1
304 970 1
304 1681 1
305 290 1
305 970 1
305 2090 1
305 2096 1
305 2097 1
306 507 1
306 970 1
306 2098 1
306 2099 1
307 15 1
307 34 1
307 49 1
307 93 1
307 134 1
307 277 1
307 281 1
307 422 1
307 455 1
307 570 1
307 625 1
307 742 1
307 1022 1
308 3 1
308 7 1
308 8 1
308 9 1
308 12 1
308 15 1
308 18 1
308 26 1
308 28 1
308 31 1
308 32 1
308 33 1
308 35 1
308 39 1
308 40 1
308 41 1
308 42 1
308 49 1
308 139 1
308 422 1
308 583 1
308 681 1
308 712 1
308 946 1
308 1022 1
308 1023 1
308 1027 1
308 1028 1
308 1029 1
308 1088 1
308 1124 1
308 1226 1
308 1259 1
308 1391 1
308 1429 1
308 1706 1
308 1707 1
309 34 1
309 44 1
309 106 1
309 1708 1
309 1709 1
310 12 1
310 32 1
310 40 1
310 44 1
310 131 1
310 136 1
310 164 1
310 280 1
310 430 1
310 489 1
310 491 1
310 495 1
310 652 1
310 654 1
310 688 1
310 709 1
310 734 1
310 744 1
310 792 1
310 801 1
310 1038 1
310 1053 1
310 1101 1
310 1140 1
310 1214 1
310 1439 1
310 1710 1
310 1711 1
310 1712 1
310 1713 1
310 1714 1
310 1715 1
310 1716 1
310 1717 1
310 1718 1
310 1719 1
310 1720 1
310 1721 1
310 1722 1
310 1723 1
310 1724 1
310 1725 1
310 1726 1
310 1727 1
310 1728 1
310 1729 1
310 1730 1
310 1731 1
310 1732 1
310 1733 1
311 10 1
311 43 1
311 46 1
311 73 1
311 1095 1
312 32 1
312 36 1
312 43 1
312 73 1
312 218 1
312 246 1
312 285 1
312 367 1
312 411 1
312 432 1
312 434 1
312 742 1
312 1106 1
312 1115 1
312 1192 1
312 1220 1
312 1238 1
312 1305 1
312 1415 1
312 1433 1
312 1679 1
312 1734 1
312 1735 1
312 1736 1
312 1737 1
312 1738 1
312 1739 1
312 1740 1
312 1741 1
312 1742 1
312 1743 1
312 1744 1
312 1745 1
312 1746 1
312 1747 1
312 1748 1
312 1749 1
312 1750 1
313 2 1
313 60 1
313 61 1
313 73 1
313 75 1
313 141 1
313 1095 1
313 1751 1
313 1752 1
313 1753 1
314 50 1
314 52 1
314 56 1
314 64 1
314 67 1
314 69 1
314 72 1
314 75 1
314 152 1
314 403 1
314 847 1
314 915 1
314 1043 1
314 1048 1
314 1752 1
314 1754 1
314 1755 1
315 50 1
315 52 1
315 60 1
315 64 1
315 151 1
315 499 1
315 1014 1
315 1557 1
315 1756 1
316 58 1
316 60 1
316 718 1
316 898 1
316 1315 1
316 1372 1
316 1739 1
316 1757 1
316 1758 1
317 52 1
317 194 1
317 317 1
317 546 1
317 854 1
317 1557 1
317 1759 1
318 38 1
318 40 1
318 77 1
318 94 1
318 466 1
318 491 1
318 688 1
318 1070 1
318 1222 1
318 1233 1
318 1697 1
318 1721 1
318 1760 1
318 1761 1
318 1762 1
318 1763 1
318 1764 1
319 94 1
319 1765 1
320 32 1
320 93 1
320 123 1
320 139 1
320 153 1
320 222 1
320 255 1
320 650 1
320 683 1
320 752 1
320 801 1
320 840 1
320 1044 1
320 1059 1
320 1766 1
321 64 1
321 89 1
321 94 1
321 154 1
321 503 1
321 608 1
321 840 1
322 28 1
322 49 1
322 64 1
322 99 1
322 179 1
322 310 1
322 742 1
322 752 1
322 801 1
322 811 1
322 851 1
322 1140 1
322 1415 1
322 1720 1
322 1722 1
322 1724 1
322 1760 1
322 1767 1
322 1768 1
322 1769 1
322 1770 1
322 1771 1
322 1772 1
322 1773 1
322 1774 1
322 1775 1
322 1776 1
322 1777 1
322 1778 1
323 42 1
323 49 1
323 77 1
323 99 1
323 218 1
323 308 1
323 1697 1
324 32 1
324 49 1
324 64 1
324 121 1
324 123 1
324 153 1
324 195 1
324 196 1
324 218 1
324 255 1
324 317 1
324 683 1
324 966 1
324 1044 1
324 1065 1
324 1137 1
324 1756 1
324 1779 1
324 1780 1
324 1781 1
324 1782 1
324 1783 1
324 1784 1
324 1785 1
324 1786 1
324 1787 1
325 60 1
325 916 1
326 32 1
326 44 1
326 60 1
326 62 1
326 64 1
326 81 1
326 121 1
326 145 1
326 158 1
326 191 1
326 238 1
326 295 1
326 298 1
326 303 1
326 317 1
326 505 1
326 645 1
326 708 1
326 743 1
326 745 1
326 790 1
326 816 1
326 873 1
326 916 1
326 966 1
326 1136 1
326 1150 1
326 1225 1
326 1340 1
326 1462 1
326 1724 1
326 1726 1
326 1788 1
326 1789 1
326 1790 1
326 1791 1
326 1792 1
326 1793 1
326 1794 1
326 1795 1
326 1796 1
326 1797 1
326 1798 1
326 1799 1
326 1800 1
326 1801 1
326 1802 1
326 1803 1
326 1804 1
327 50 1
327 130 1
327 1754 1
327 1805 1
328 50 1
328 63 1
328 77 1
328 81 1
328 103 1
328 109 1
328 111 1
328 190 1
328 196 1
328 238 1
328 343 1
328 387 1
328 583 1
328 654 1
328 655 1
328 663 1
328 708 1
328 800 1
328 811 1
328 964 1
328 1006 1
328 1081 1
328 1097 1
328 1144 1
328 1150 1
328 1345 1
328 1401 1
328 1415 1
328 1418 1
328 1475 1
328 1478 1
328 1488 1
328 1535 1
328 1735 1
328 1798 1
328 1801 1
328 1806 1
328 1807 1
328 1808 1
328 1809 1
328 1810 1
328 1811 1
328 1812 1
328 1813 1
328 1814 1
328 1815 1
328 1816 1
328 1817 1
328 1818 1
328 1819 1
328 1820 1
329 28 1
329 34 1
329 49 1
329 60 1
329 249 1
329 278 1
329 281 1
329 1105 1
329 1561 1
330 24 1
330 34 1
330 190 1
330 335 1
330 1259 1
330 1348 1
331 32 1
331 44 1
331 77 1
331 80 1
331 85 1
331 101 1
331 109 1
331 117 1
331 121 1
331 164 1
331 247 1
331 260 1
331 279 1
331 290 1
331 297 1
331 417 1
331 419 1
331 435 1
331 495 1
331 532 1
331 558 1
331 561 1
331 583 1
331 665 1
331 742 1
331 787 1
331 829 1
331 866 1
331 1053 1
331 1101 1
331 1161 1
331 1251 1
331 1254 1
331 1259 1
331 1265 1
331 1455 1
331 1548 1
331 1763 1
331 1821 1
331 1822 1
331 1823 1
331 1824 1
331 1825 1
331 1826 1
331 1827 1
331 1828 1
331 1829 1
331 1830 1
331 1831 1
331 1832 1
331 1833 1
331 1834 1
331 1835 1
331 1836 1
331 1837 1
331 1838 1
331 1839 1
332 10 1
332 297 1
332 1055 1
333 32 1
333 44 1
333 58 1
333 81 1
333 121 1
333 145 1
333 191 1
333 255 1
333 514 1
333 561 1
333 665 1
333 1053 1
333 1225 1
333 1633 1
333 1840 1
333 1841 1
333 1842 1
333 1843 1
334 32 1
334 190 1
334 225 1
334 293 1
334 294 1
334 314 1
334 422 1
334 778 1
335 32 1
335 139 1
335 225 1
335 294 1
335 743 1
335 1126 1
336 44 1
336 320 1
336 321 1
336 745 1
336 977 1
336 1389 1
336 1844 1
337 24 1
337 32 1
337 44 1
337 49 1
337 55 1
337 108 1
337 206 1
337 290 1
337 302 1
337 469 1
337 660 1
337 665 1
337 717 1
337 742 1
337 745 1
337 772 1
337 798 1
337 881 1
337 992 1
337 1120 1
337 1148 1
337 1161 1
337 1185 1
337 1251 1
337 1536 1
337 1647 1
337 1682 1
337 1817 1
337 1823 1
337 1833 1
337 1835 1
337 1845 1
337 1846 1
337 1847 1
337 1848 1
337 1849 1
337 1850 1
337 1851 1
337 1852 1
337 1853 1
337 1854 1
337 1855 1
337 1856 1
337 1857 1
337 1858 1
337 1859 1
337 1860 1
337 1861 1
337 1862 1
337 1863 1
337 1864 1
337 1865 1
337 1866 1
338 32 1
338 1867 1
338 1868 1
339 27 1
339 32 1
339 58 1
339 114 1
339 423 1
339 665 1
339 866 1
339 1136 1
339 1395 1
339 1869 1
339 1870 1
340 1062 1
340 1871 1
341 77 1
341 131 1
341 279 1
341 280 1
341 1348 1
342 38 1
342 40 1
342 58 1
342 77 1
342 99 1
342 131 1
342 206 1
342 225 1
342 247 1
342 270 1
342 280 1
342 291 1
342 297 1
342 310 1
342 341 1
342 405 1
342 407 1
342 414 1
342 665 1
342 774 1
342 888 1
342 1156 1
342 1170 1
342 1263 1
342 1630 1
342 1776 1
342 1872 1
342 1873 1
342 1874 1
342 1875 1
342 1876 1
342 1877 1
342 1878 1
342 1879 1
342 1880 1
342 1881 1
342 1882 1
342 1883 1
343 32 1
343 131 1
343 249 1
343 280 1
343 451 1
343 452 1
343 454 1
344 44 1
344 58 1
344 81 1
344 115 1
344 247 1
344 290 1
344 643 1
344 871 1
344 881 1
344 1120 1
344 1166 1
344 1188 1
344 1190 1
344 1406 1
344 1445 1
344 1654 1
344 1702 1
344 1884 1
344 1885 1
344 1886 1
345 847 1
345 1850 1
345 1887 1
346 32 1
346 42 1
346 44 1
346 49 1
346 52 1
346 58 1
346 77 1
346 80 1
346 99 1
346 103 1
346 145 1
346 280 1
346 507 1
346 774 1
346 847 1
346 866 1
346 942 1
346 954 1
346 1067 1
346 1170 1
346 1650 1
346 1851 1
346 1887 1
346 1888 1
346 1889 1
346 1890 1
346 1891 1
347 42 1
347 190 1
347 1196 1
347 1892 1
347 1893 1
348 2 1
348 465 1
348 1184 1
348 1196 1
348 1415 1
348 1850 1
348 1894 1
348 1895 1
348 1896 1
348 1897 1
348 1898 1
348 1899 1
348 1900 1
348 1901 1
348 1902 1
348 1903 1
349 457 1
349 478 1
349 910 1
349 1871 1
349 1904 1
349 1905 1
349 1906 1
350 44 1
350 52 1
350 103 1
350 121 1
350 156 1
350 195 1
350 426 1
350 457 1
350 572 1
350 717 1
350 737 1
350 866 1
350 1097 1
350 1170 1
350 1184 1
350 1205 1
350 1207 1
350 1905 1
350 1907 1
350 1908 1
350 1909 1
350 1910 1
350 1911 1
351 32 1
351 99 1
351 1288 1
351 1415 1
351 1862 1
351 1911 1
351 1912 1
351 1913 1
351 1914 1
352 32 1
352 266 1
352 341 1
352 1053 1
352 1915 1
353 38 1
353 40 1
353 109 1
353 138 1
353 491 1
353 524 1
353 665 1
353 683 1
353 688 1
353 847 1
353 865 1
353 1263 1
353 1462 1
353 1728 1
353 1784 1
353 1862 1
353 1894 1
353 1916 1
353 1917 1
354 25 1
354 195 1
354 892 1
354 1894 1
354 1918 1
355 38 1
355 665 1
355 688 1
355 1265 1
355 1462 1
356 25 1
356 89 1
356 130 1
356 266 1
356 505 1
357 32 1
357 77 1
357 191 1
357 290 1
357 457 1
357 927 1
357 1779 1
358 653 1
358 656 1
358 657 1
358 1378 1
359 206 1
359 266 1
359 1378 1
360 38 1
360 58 1
360 326 1
360 491 1
360 688 1
360 840 1
360 1919 1
361 191 1
361 515 1
361 516 1
362 40 1
362 103 1
362 131 1
362 139 1
362 145 1
362 194 1
362 266 1
362 325 1
362 353 1
362 415 1
362 502 1
362 507 1
362 567 1
362 662 1
362 939 1
362 1053 1
362 1526 1
362 1920 1
362 1921 1
362 1922 1
362 1923 1
362 1924 1
362 1925 1
363 266 1
363 521 1
363 522 1
363 523 1
363 524 1
364 238 1
364 252 1
364 559 1
364 711 1
364 787 1
364 1053 1
365 52 1
365 89 1
365 521 1
365 736 1
365 1926 1
365 1927 1
366 38 1
366 81 1
366 195 1
366 334 1
366 508 1
366 521 1
366 1136 1
366 1468 1
366 1928 1
366 1929 1
366 1930 1
367 266 1
367 1931 1
368 10 1
368 38 1
368 49 1
368 52 1
368 58 1
368 123 1
368 174 1
368 189 1
368 279 1
368 403 1
368 507 1
368 583 1
368 689 1
368 1649 1
368 1932 1
368 1933 1
368 1934 1
368 1935 1
368 1936 1
368 1937 1
369 227 1
369 403 1
369 665 1
369 1241 1
370 62 1
370 127 1
370 179 1
370 256 1
370 657 1
370 681 1
370 688 1
370 840 1
370 851 1
370 1136 1
370 1724 1
370 1736 1
370 1938 1
370 1939 1
371 69 1
371 182 1
371 847 1
371 1010 1
372 62 1
372 99 1
372 865 1
372 1940 1
373 341 1
373 652 1
373 656 1
373 657 1
373 658 1
374 300 1
374 514 1
375 58 1
375 114 1
375 139 1
375 270 1
375 507 1
375 847 1
375 865 1
375 1185 1
375 1871 1
375 1940 1
375 1941 1
375 1942 1
375 1943 1
376 391 1
376 426 1
376 652 1
376 728 1
376 1206 1
377 32 1
377 62 1
377 81 1
377 121 1
377 191 1
377 293 1
377 312 1
377 594 1
377 770 1
377 824 1
377 835 1
377 1334 1
377 1415 1
377 1715 1
377 1793 1
377 1827 1
377 1944 1
377 1945 1
377 1946 1
377 1947 1
377 1948 1
377 1949 1
377 1950 1
377 1951 1
377 1952 1
378 1502 1
378 1557 1
378 1953 1
379 58 1
379 140 1
379 189 1
379 216 1
379 367 1
379 742 1
379 774 1
379 922 1
379 1259 1
379 1265 1
379 1472 1
379 1577 1
379 1587 1
379 1650 1
379 1793 1
379 1943 1
379 1952 1
379 1954 1
379 1955 1
379 1956 1
379 1957 1
380 32 1
380 772 1
380 1025 1
380 1055 1
380 1365 1
380 1372 1
380 1434 1
380 1813 1
380 1956 1
380 1958 1
381 99 1
381 121 1
381 208 1
381 290 1
381 538 1
381 586 1
381 793 1
381 1081 1
381 1101 1
381 1136 1
381 1395 1
381 1422 1
381 1455 1
381 1502 1
381 1525 1
381 1557 1
381 1740 1
381 1952 1
381 1959 1
381 1960 1
381 1961 1
381 1962 1
381 1963 1
381 1964 1
381 1965 1
381 1966 1
382 121 1
382 1502 1
382 1826 1
382 1967 1
382 1968 1
383 325 1
383 665 1
383 1969 1
384 1442 1
384 1502 1
384 1557 1
385 23 1
385 26 1
385 72 1
385 90 1
385 503 1
385 711 1
385 742 1
385 1195 1
385 1557 1
385 1826 1
385 1948 1
385 1970 1
385 1971 1
385 1972 1
386 291 1
386 656 1
386 657 1
386 916 1
386 1442 1
387 290 1
387 456 1
387 711 1
387 773 1
387 865 1
387 866 1
387 1463 1
387 1782 1
387 1833 1
387 1973 1
387 1974 1
387 1975 1
388 93 1
388 570 1
388 650 1
388 657 1
388 681 1
388 943 1
388 1976 1
389 58 1
389 179 1
389 627 1
389 657 1
389 840 1
389 1415 1
389 1977 1
390 32 1
390 44 1
390 50 1
390 99 1
390 114 1
390 136 1
390 279 1
390 293 1
390 524 1
390 654 1
390 840 1
390 851 1
390 876 1
390 1022 1
390 1099 1
390 1112 1
390 1115 1
390 1319 1
390 1720 1
390 1724 1
390 1784 1
390 1975 1
390 1977 1
390 1978 1
390 1979 1
390 1980 1
390 1981 1
390 1982 1
390 1983 1
390 1984 1
390 1985 1
391 138 1
391 179 1
391 230 1
391 291 1
391 657 1
391 681 1
391 840 1
391 1067 1
391 1977 1
391 1986 1
392 266 1
392 326 1
392 500 1
392 699 1
392 1530 1
392 1785 1
393 503 1
393 688 1
393 693 1
394 49 1
394 52 1
394 85 1
394 179 1
394 208 1
394 212 1
394 310 1
394 317 1
394 524 1
394 572 1
394 657 1
394 693 1
394 694 1
394 851 1
394 949 1
394 1463 1
394 1724 1
394 1935 1
394 1987 1
394 1988 1
394 1989 1
394 1990 1
394 1991 1
394 1992 1
394 1993 1
394 1994 1
395 262 1
395 818 1
395 819 1
395 820 1
396 32 1
396 44 1
396 49 1
396 64 1
396 99 1
396 167 1
396 208 1
396 216 1
396 312 1
396 385 1
396 436 1
396 469 1
396 656 1
396 657 1
396 681 1
396 742 1
396 822 1
396 832 1
396 944 1
396 1340 1
396 1505 1
396 1734 1
396 1737 1
396 1836 1
396 1995 1
396 1996 1
396 1997 1
396 1998 1
396 1999 1
396 2000 1
396 2001 1
396 2002 1
396 2003 1
396 2004 1
396 2005 1
396 2006 1
396 2007 1
397 32 1
397 34 1
397 64 1
397 382 1
397 570 1
397 656 1
397 822 1
397 1259 1
397 1718 1
397 2008 1
397 2009 1
397 2010 1
398 30 1
398 58 1
398 93 1
398 181 1
398 225 1
398 290 1
398 337 1
398 359 1
398 381 1
398 382 1
398 507 1
398 787 1
398 969 1
398 1031 1
398 1109 1
398 1161 1
398 1264 1
398 1288 1
398 1699 1
398 1729 1
398 1760 1
398 1833 1
398 1920 1
398 1948 1
398 1977 1
398 1998 1
398 2011 1
398 2012 1
398 2013 1
398 2014 1
398 2015 1
398 2016 1
398 2017 1
398 2018 1
398 2019 1
398 2020 1
398 2021 1
398 2022 1
398 2023 1
398 2024 1
399 625 1
399 654 1
399 725 1
399 1565 1
399 1566 1
399 1567 1
399 2025 1
400 22 1
400 77 1
400 167 1
400 195 1
400 254 1
400 290 1
400 352 1
400 507 1
400 607 1
400 650 1
400 654 1
400 742 1
400 745 1
400 746 1
400 986 1
400 1177 1
400 1225 1
400 1455 1
400 1493 1
400 1565 1
400 1566 1
400 1587 1
400 1588 1
400 1798 1
400 1846 1
400 2026 1
400 2027 1
400 2028 1
400 2029 1
400 2030 1
400 2031 1
400 2032 1
400 2033 1
400 2034 1
400 2035 1
400 2036 1
400 2037 1
400 2038 1
400 2039 1
400 2040 1
400 2041 1
400 2042 1
400 2043 1
400 2044 1
400 2045 1
400 2046 1
400 2047 1
400 2048 1
400 2049 1
400 2050 1
400 2051 1
401 22 1
401 426 1
401 824 1
401 974 1
401 1588 1
402 32 1
402 162 1
402 169 1
402 475 1
402 859 1
402 974 1
402 1455 1
402 1567 1
402 2003 1
402 2052 1
402 2053 1
402 2054 1
402 2055 1
402 2056 1
402 2057 1
402 2058 1
402 2059 1
403 524 1
403 969 1
403 1718 1
403 2023 1
404 58 1
404 385 1
404 951 1
404 969 1
404 2023 1
405 22 1
405 51 1
405 169 1
405 990 1
405 992 1
405 999 1
405 1000 1
405 1001 1
406 32 1
406 49 1
406 65 1
406 103 1
406 108 1
406 125 1
406 206 1
406 216 1
406 221 1
406 251 1
406 290 1
406 300 1
406 551 1
406 566 1
406 898 1
406 951 1
406 1150 1
406 1415 1
406 1525 1
406 1545 1
406 1817 1
406 1836 1
406 1948 1
406 1961 1
406 2060 1
406 2061 1
406 2062 1
406 2063 1
406 2064 1
406 2065 1
406 2066 1
407 570 1
407 915 1
407 2067 1
408 32 1
408 110 1
408 169 1
408 224 1
408 545 1
408 570 1
408 774 1
408 793 1
408 832 1
408 836 1
408 915 1
408 1836 1
408 2068 1
408 2069 1
408 2070 1
408 2071 1
408 2072 1
409 657 1
409 919 1
410 85 1
410 99 1
410 145 1
410 915 1
410 954 1
410 964 1
410 1261 1
410 2073 1
410 2074 1
411 570 1
411 936 1
411 2075 1
411 2076 1
412 11 1
412 32 1
412 97 1
412 99 1
412 125 1
412 212 1
412 556 1
412 589 1
412 717 1
412 721 1
412 726 1
412 733 1
412 2077 1
412 2078 1
412 2079 1
412 2080 1
413 80 1
413 201 1
413 570 1
413 859 1
413 1566 1
413 1792 1
413 2081 1
413 2082 1
413 2083 1
413 2084 1
413 2085 1
414 313 1
414 570 1
414 938 1
414 985 1
414 2086 1
415 43 1
415 99 1
415 169 1
415 230 1
415 270 1
415 290 1
415 601 1
415 705 1
415 721 1
415 744 1
415 938 1
415 939 1
415 956 1
415 958 1
415 970 1
415 1021 1
415 1185 1
415 1362 1
415 1455 1
415 1663 1
415 1956 1
415 2077 1
415 2087 1
415 2088 1
415 2089 1
415 2090 1
415 2091 1
415 2092 1
415 2093 1
415 2094 1
415 2095 1
416 970 1
416 1681 1
417 290 1
417 970 1
417 2090 1
417 2096 1
417 2097 1
418 507 1
418 970 1
418 2098 1
418 2099 1
419 15 1
419 34 1
419 49 1
419 93 1
419 134 1
419 277 1
419 281 1
419 422 1
419 455 1
419 570 1
419 625 1
419 742 1
419 1022 1
420 2 1
420 3 1
420 7 1
420 12 1
420 15 1
420 17 1
420 18 1
420 22 1
420 24 1
420 29 1
420 31 1
420 32 1
420 33 1
420 35 1
420 40 1
420 41 1
420 42 1
420 58 1
420 64 1
420 145 1
420 181 1
420 396 1
420 426 1
420 607 1
420 681 1
420 913 1
420 1022 1
420 1023 1
420 1027 1
420 1028 1
420 1029 1
420 1226 1
420 1231 1
420 1259 1
420 1391 1
420 1502 1
420 1524 1
420 1706 1
420 1707 1
420 2100 1
420 2101 1
420 2102 1
420 2103 1
420 2104 1
420 2105 1
421 34 1
421 44 1
421 978 1
421 1708 1
421 1709 1
421 1712 1
422 12 1
422 43 1
422 44 1
422 73 1
422 134 1
422 1040 1
422 1290 1
422 1724 1
422 1734 1
422 2106 1
422 2107 1
422 2108 1
422 2109 1
422 2110 1
422 2111 1
422 2112 1
423 34 1
423 51 1
423 93 1
423 99 1
423 119 1
423 166 1
423 201 1
423 281 1
423 307 1
423 864 1
423 1000 1
423 1757 1
423 2113 1
424 4 1
424 38 1
424 40 1
424 64 1
424 77 1
424 98 1
424 99 1
424 129 1
424 134 1
424 138 1
424 147 1
424 189 1
424 195 1
424 201 1
424 307 1
424 463 1
424 466 1
424 507 1
424 538 1
424 567 1
424 583 1
424 726 1
424 769 1
424 840 1
424 1150 1
424 1242 1
424 1246 1
424 1697 1
424 1724 1
424 1763 1
424 2114 1
424 2115 1
424 2116 1
424 2117 1
424 2118 1
424 2119 1
425 42 1
425 99 1
425 307 1
425 840 1
425 1724 1
426 77 1
426 99 1
426 103 1
426 138 1
426 308 1
426 840 1
426 1220 1
426 1724 1
426 2120 1
426 2121 1
426 2122 1
427 99 1
427 503 1
428 80 1
428 81 1
428 99 1
428 138 1
428 177 1
428 560 1
428 840 1
428 851 1
428 1070 1
428 1383 1
428 1516 1
428 1546 1
428 1697 1
428 1977 1
429 77 1
429 89 1
429 94 1
429 507 1
430 63 1
430 99 1
430 109 1
430 934 1
430 1000 1
430 1066 1
430 1551 1
430 2123 1
430 2124 1
431 89 1
431 307 1
431 1000 1
431 1365 1
431 2125 1
431 2126 1
431 2127 1
431 2128 1
431 2129 1
432 99 1
432 115 1
432 307 1
432 1259 1
432 1516 1
432 2123 1
432 2130 1
432 2131 1
433 24 1
433 42 1
433 99 1
433 282 1
433 307 1
434 242 1
434 1022 1
434 1345 1
434 2132 1
435 32 1
435 242 1
435 278 1
435 281 1
435 654 1
435 1105 1
435 2133 1
435 2134 1
435 2135 1
436 10 1
436 32 1
436 44 1
436 58 1
436 80 1
436 134 1
436 225 1
436 286 1
436 289 1
436 290 1
436 294 1
436 310 1
436 538 1
436 583 1
436 830 1
436 1021 1
436 1395 1
436 1502 1
436 1516 1
436 2136 1
436 2137 1
436 2138 1
437 42 1
437 190 1
437 1397 1
438 32 1
438 225 1
438 293 1
438 294 1
438 422 1
438 1208 1
438 1243 1
439 225 1
439 293 1
439 1516 1
439 1893 1
440 32 1
440 77 1
440 422 1
440 1126 1
440 1377 1
441 64 1
441 112 1
441 145 1
441 190 1
441 225 1
441 505 1
441 507 1
441 731 1
441 796 1
441 1377 1
441 1438 1
441 1893 1
441 2139 1
441 2140 1
441 2141 1
441 2142 1
441 2143 1
442 44 1
442 320 1
442 321 1
442 322 1
442 745 1
442 977 1
443 32 1
443 44 1
443 101 1
443 131 1
443 216 1
443 225 1
443 320 1
443 362 1
443 473 1
443 505 1
443 607 1
443 675 1
443 717 1
443 745 1
443 770 1
443 773 1
443 834 1
443 933 1
443 977 1
443 1140 1
443 1257 1
443 2144 1
443 2145 1
443 2146 1
444 10 1
444 44 1
444 77 1
444 80 1
444 89 1
444 190 1
444 293 1
444 294 1
444 316 1
444 507 1
444 881 1
444 965 1
444 1021 1
444 1214 1
444 1307 1
444 1551 1
444 2123 1
444 2147 1
444 2148 1
444 2149 1
444 2150 1
444 2151 1
445 32 1
445 1867 1
445 1868 1
446 10 1
446 67 1
446 80 1
446 139 1
446 294 1
446 473 1
446 1345 1
446 1904 1
446 2152 1
446 2153 1
446 2154 1
446 2155 1
447 57 1
447 367 1
447 718 1
448 43 1
448 145 1
448 223 1
448 302 1
448 303 1
448 559 1
448 718 1
448 1168 1
448 1345 1
448 1587 1
448 1846 1
448 2123 1
448 2132 1
448 2156 1
449 32 1
449 67 1
449 133 1
449 166 1
449 182 1
449 195 1
449 227 1
449 280 1
449 328 1
449 422 1
449 1757 1
450 10 1
450 43 1
450 110 1
450 134 1
450 145 1
450 166 1
450 182 1
450 195 1
450 502 1
450 514 1
450 538 1
450 847 1
450 1734 1
450 1816 1
450 1891 1
450 2123 1
450 2157 1
450 2158 1
450 2159 1
450 2160 1
451 34 1
451 64 1
451 72 1
451 195 1
451 2155 1
451 2157 1
452 24 1
452 32 1
452 44 1
452 123 1
452 179 1
452 195 1
452 223 1
452 342 1
452 401 1
452 654 1
452 744 1
452 760 1
452 826 1
452 848 1
452 866 1
452 1065 1
452 1136 1
452 1140 1
452 1438 1
452 1784 1
452 1846 1
452 2123 1
452 2154 1
452 2155 1
452 2156 1
452 2161 1
452 2162 1
452 2163 1
452 2164 1
452 2165 1
452 2166 1
453 77 1
453 131 1
453 206 1
453 242 1
453 280 1
453 391 1
454 4 1
454 27 1
454 50 1
454 77 1
454 81 1
454 112 1
454 131 1
454 134 1
454 189 1
454 206 1
454 243 1
454 280 1
454 316 1
454 325 1
454 1893 1
454 1948 1
454 2123 1
454 2167 1
454 2168 1
454 2169 1
454 2170 1
454 2171 1
455 32 1
455 190 1
455 249 1
455 280 1
455 314 1
455 451 1
455 452 1
455 454 1
455 2172 1
455 2173 1
456 314 1
456 473 1
456 1445 1
456 2174 1
456 2175 1
457 42 1
457 794 1
457 811 1
457 1196 1
457 1892 1
457 2176 1
458 145 1
458 201 1
458 317 1
458 794 1
458 2123 1
459 665 1
459 1088 1
459 1206 1
460 583 1
460 735 1
460 794 1
460 865 1
460 1088 1
460 1226 1
460 1345 1
460 1388 1
460 1602 1
460 1862 1
460 1986 1
460 2123 1
460 2177 1
461 266 1
461 282 1
461 1053 1
461 1915 1
462 4 1
462 25 1
462 44 1
462 126 1
462 152 1
462 189 1
462 255 1
462 266 1
462 457 1
462 524 1
462 1140 1
462 2123 1
462 2178 1
462 2179 1
462 2180 1
463 189 1
463 266 1
463 479 1
463 505 1
463 559 1
463 788 1
463 1064 1
463 1915 1
463 2115 1
463 2181 1
464 134 1
464 145 1
464 194 1
464 230 1
464 238 1
464 266 1
464 943 1
464 1378 1
464 2182 1
465 195 1
465 290 1
465 521 1
466 166 1
466 191 1
466 515 1
466 516 1
467 80 1
467 156 1
467 1516 1
467 1566 1
467 2183 1
467 2184 1
467 2185 1
468 130 1
468 169 1
468 206 1
468 216 1
468 266 1
468 477 1
468 524 1
468 525 1
468 943 1
468 1378 1
468 1566 1
468 2185 1
468 2186 1
469 33 1
469 206 1
469 426 1
469 491 1
469 525 1
469 538 1
469 583 1
469 920 1
469 943 1
469 1378 1
469 1468 1
469 2187 1
469 2188 1
469 2189 1
469 2190 1
470 266 1
470 1931 1
471 44 1
471 77 1
471 195 1
471 266 1
471 282 1
471 367 1
471 524 1
471 800 1
472 139 1
472 1215 1
473 285 1
473 507 1
473 511 1
474 27 1
474 139 1
474 507 1
474 511 1
474 2191 1
475 89 1
475 227 1
475 279 1
475 280 1
475 403 1
475 1241 1
476 137 1
476 145 1
476 158 1
476 195 1
476 403 1
476 479 1
476 538 1
476 559 1
476 583 1
476 675 1
476 933 1
476 991 1
476 1220 1
476 1552 1
476 1697 1
476 2123 1
476 2192 1
477 57 1
477 652 1
477 655 1
477 656 1
477 657 1
477 658 1
478 58 1
478 201 1
478 216 1
478 238 1
478 266 1
478 317 1
478 426 1
478 513 1
478 583 1
478 689 1
478 943 1
478 980 1
478 1519 1
478 1530 1
478 2193 1
479 285 1
479 426 1
479 652 1
479 654 1
479 726 1
479 728 1
479 1206 1
480 32 1
480 77 1
480 293 1
480 301 1
480 310 1
480 317 1
480 338 1
480 403 1
480 455 1
480 794 1
480 806 1
480 980 1
480 1675 1
480 1826 1
480 1862 1
480 2123 1
481 772 1
481 805 1
481 1131 1
481 1434 1
482 788 1
482 1823 1
482 2194 1
483 65 1
483 93 1
483 650 1
483 656 1
483 657 1
483 681 1
483 689 1
483 722 1
483 943 1
483 953 1
483 1140 1
483 1442 1
483 2195 1
484 77 1
484 99 1
484 656 1
484 657 1
484 773 1
484 1979 1
484 2123 1
484 2196 1
484 2197 1
484 2198 1
484 2199 1
484 2200 1
484 2201 1
484 2202 1
485 93 1
485 277 1
485 742 1
485 772 1
485 943 1
485 1757 1
486 24 1
486 56 1
486 90 1
486 242 1
486 362 1
486 507 1
486 681 1
486 742 1
486 1140 1
486 1144 1
486 2203 1
486 2204 1
487 249 1
487 583 1
487 978 1
487 1216 1
487 1254 1
487 1979 1
487 2204 1
487 2205 1
488 230 1
488 390 1
488 657 1
488 681 1
488 1140 1
488 1986 1
489 24 1
489 49 1
489 99 1
489 230 1
489 255 1
489 266 1
489 583 1
489 657 1
489 681 1
489 689 1
489 722 1
489 847 1
489 1230 1
489 1986 1
489 2193 1
489 2206 1
490 162 1
490 242 1
490 290 1
490 678 1
490 689 1
490 698 1
490 1064 1
490 2207 1
491 216 1
491 290 1
491 689 1
491 1305 1
491 1343 1
491 2207 1
492 4 1
492 85 1
492 97 1
492 216 1
492 290 1
492 337 1
492 474 1
492 507 1
492 558 1
492 627 1
492 690 1
492 698 1
492 951 1
492 1259 1
492 1305 1
492 1979 1
492 2123 1
492 2208 1
492 2209 1
492 2210 1
492 2211 1
493 426 1
493 566 1
493 785 1
494 290 1
494 426 1
494 538 1
494 566 1
494 655 1
494 1170 1
494 2212 1
495 23 1
495 145 1
495 173 1
495 177 1
495 190 1
495 517 1
495 711 1
496 23 1
496 145 1
496 678 1
496 711 1
496 2213 1
496 2214 1
497 154 1
497 818 1
497 819 1
497 820 1
498 187 1
498 191 1
498 200 1
498 735 1
498 747 1
498 754 1
498 822 1
498 826 1
498 965 1
498 1004 1
498 1639 1
498 1893 1
499 2010 1
500 49 1
500 58 1
500 131 1
500 187 1
500 524 1
500 822 1
500 2215 1
500 2216 1
501 80 1
501 97 1
501 134 1
501 381 1
501 823 1
501 922 1
501 2123 1
501 2211 1
501 2215 1
501 2217 1
502 285 1
502 625 1
502 654 1
502 1565 1
502 1566 1
502 1567 1
503 189 1
503 583 1
503 698 1
503 742 1
503 1345 1
503 1586 1
503 2218 1
504 1225 1
504 2025 1
505 22 1
505 517 1
505 2219 1
505 2220 1
506 134 1
506 179 1
506 189 1
506 238 1
506 244 1
506 266 1
506 385 1
506 583 1
506 1115 1
506 1893 1
506 2221 1
506 2222 1
507 22 1
507 98 1
507 244 1
507 251 1
507 524 1
507 675 1
507 772 1
507 986 1
507 992 1
507 1566 1
507 2223 1
508 244 1
508 290 1
508 554 1
508 698 1
508 2224 1
508 2225 1
508 2226 1
508 2227 1
509 22 1
509 986 1
509 992 1
509 999 1
509 1000 1
509 1001 1
509 1566 1
510 570 1
510 915 1
510 2067 1
511 657 1
511 919 1
512 129 1
512 242 1
512 503 1
512 965 1
513 1226 1
513 2228 1
514 69 1
514 239 1
514 570 1
514 921 1
514 936 1
514 2075 1
514 2076 1
514 2145 1
515 4 1
515 121 1
515 690 1
515 2229 1
515 2230 1
516 42 1
516 938 1
516 939 1
516 2231 1
516 2232 1
517 263 1
517 772 1
517 847 1
517 1345 1
517 1792 1
517 1865 1
517 2233 1
517 2234 1
518 169 1
518 1566 1
518 2084 1
519 85 1
519 115 1
519 145 1
519 818 1
519 938 1
519 939 1
519 1917 1
519 2235 1
519 2236 1
519 2237 1
520 313 1
520 570 1
520 916 1
520 985 1
520 2086 1
521 56 1
521 583 1
521 683 1
521 918 1
521 940 1
521 956 1
521 958 1
521 979 1
521 1264 1
521 2123 1
521 2238 1
521 2239 1
521 2240 1
521 2241 1
521 2242 1
521 2243 1
522 940 1
522 956 1
522 965 1
522 2244 1
523 242 1
523 625 1
523 970 1
523 1681 1
524 63 1
524 507 1
525 359 1
525 956 1
525 2057 1
525 2245 1
525 2246 1
526 134 1
526 1621 1
526 2246 1
527 134 1
527 410 1
527 625 1
527 954 1
527 974 1
527 1535 1
528 27 1
528 977 1
528 978 1
528 1185 1
528 1557 1
528 2178 1
528 2247 1
528 2248 1
528 2249 1
528 2250 1
529 27 1
529 34 1
529 49 1
529 133 1
529 169 1
529 230 1
529 742 1
529 1224 1
529 1259 1
529 2112 1
529 2251 1
530 230 1
530 745 1
530 1046 1
531 2 1
531 3 1
531 7 1
531 12 1
531 15 1
531 17 1
531 18 1
531 22 1
531 24 1
531 29 1
531 31 1
531 32 1
531 33 1
531 35 1
531 40 1
531 41 1
531 42 1
531 58 1
531 64 1
531 145 1
531 181 1
531 396 1
531 426 1
531 607 1
531 681 1
531 913 1
531 1022 1
531 1023 1
531 1027 1
531 1028 1
531 1029 1
531 1226 1
531 1231 1
531 1259 1
531 1391 1
531 1502 1
531 1524 1
531 1706 1
531 1707 1
531 2100 1
531 2101 1
531 2102 1
531 2103 1
531 2104 1
531 2105 1
532 34 1
532 44 1
532 978 1
532 1708 1
532 1709 1
532 1712 1
533 12 1
533 43 1
533 44 1
533 73 1
533 134 1
533 1040 1
533 1290 1
533 1724 1
533 1734 1
533 2106 1
533 2107 1
533 2108 1
533 2109 1
533 2110 1
533 2111 1
533 2112 1
534 34 1
534 51 1
534 93 1
534 99 1
534 119 1
534 166 1
534 201 1
534 281 1
534 307 1
534 864 1
534 1000 1
534 1757 1
534 2113 1
535 4 1
535 38 1
535 40 1
535 64 1
535 77 1
535 98 1
535 99 1
535 129 1
535 134 1
535 138 1
535 147 1
535 189 1
535 195 1
535 201 1
535 307 1
535 463 1
535 466 1
535 507 1
535 538 1
535 567 1
535 583 1
535 726 1
535 769 1
535 840 1
535 1150 1
535 1242 1
535 1246 1
535 1697 1
535 1724 1
535 1763 1
535 2114 1
535 2115 1
535 2116 1
535 2117 1
535 2118 1
535 2119 1
536 42 1
536 99 1
536 307 1
536 840 1
536 1724 1
537 77 1
537 99 1
537 103 1
537 138 1
537 308 1
537 840 1
537 1220 1
537 1724 1
537 2120 1
537 2121 1
537 2122 1
538 99 1
538 503 1
539 80 1
539 81 1
539 99 1
539 138 1
539 177 1
539 560 1
539 840 1
539 851 1
539 1070 1
539 1383 1
539 1516 1
539 1546 1
539 1697 1
539 1977 1
540 77 1
540 89 1
540 94 1
540 507 1
541 63 1
541 99 1
541 109 1
541 934 1
541 1000 1
541 1066 1
541 1551 1
541 2123 1
541 2124 1
542 89 1
542 307 1
542 1000 1
542 1365 1
542 2125 1
542 2126 1
542 2127 1
542 2128 1
542 2129 1
543 99 1
543 115 1
543 307 1
543 1259 1
543 1516 1
543 2123 1
543 2130 1
543 2131 1
544 24 1
544 42 1
544 99 1
544 282 1
544 307 1
545 242 1
545 1022 1
545 1345 1
545 2132 1
546 32 1
546 242 1
546 278 1
546 281 1
546 654 1
546 1105 1
546 2133 1
546 2134 1
546 2135 1
547 10 1
547 32 1
547 44 1
547 58 1
547 80 1
547 134 1
547 225 1
547 286 1
547 289 1
547 290 1
547 294 1
547 310 1
547 538 1
547 583 1
547 830 1
547 1021 1
547 1395 1
547 1502 1
547 1516 1
547 2136 1
547 2137 1
547 2138 1
548 42 1
548 190 1
548 1397 1
549 32 1
549 225 1
549 293 1
549 294 1
549 422 1
549 1208 1
549 1243 1
550 225 1
550 293 1
550 1516 1
550 1893 1
551 32 1
551 77 1
551 422 1
551 1126 1
551 1377 1
552 64 1
552 112 1
552 145 1
552 190 1
552 225 1
552 505 1
552 507 1
552 731 1
552 796 1
552 1377 1
552 1438 1
552 1893 1
552 2139 1
552 2140 1
552 2141 1
552 2142 1
552 2143 1
553 44 1
553 320 1
553 321 1
553 322 1
553 745 1
553 977 1
554 32 1
554 44 1
554 101 1
554 131 1
554 216 1
554 225 1
554 320 1
554 362 1
554 473 1
554 505 1
554 607 1
554 675 1
554 717 1
554 745 1
554 770 1
554 773 1
554 834 1
554 933 1
554 977 1
554 1140 1
554 1257 1
554 2144 1
554 2145 1
554 2146 1
555 10 1
555 44 1
555 77 1
555 80 1
555 89 1
555 190 1
555 293 1
555 294 1
555 316 1
555 507 1
555 881 1
555 965 1
555 1021 1
555 1214 1
555 1307 1
555 1551 1
555 2123 1
555 2147 1
555 2148 1
555 2149 1
555 2150 1
555 2151 1
556 32 1
556 1867 1
556 1868 1
557 10 1
557 67 1
557 80 1
557 139 1
557 294 1
557 473 1
557 1345 1
557 1904 1
557 2152 1
557 2153 1
557 2154 1
557 2155 1
558 57 1
558 367 1
558 718 1
559 43 1
559 145 1
559 223 1
559 302 1
559 303 1
559 559 1
559 718 1
559 1168 1
559 1345 1
559 1587 1
559 1846 1
559 2123 1
559 2132 1
559 2156 1
560 32 1
560 67 1
560 133 1
560 166 1
560 182 1
560 195 1
560 227 1
560 280 1
560 328 1
560 422 1
560 1757 1
561 10 1
561 43 1
561 110 1
561 134 1
561 145 1
561 166 1
561 182 1
561 195 1
561 502 1
561 514 1
561 538 1
561 847 1
561 1734 1
561 1816 1
561 1891 1
561 2123 1
561 2157 1
561 2158 1
561 2159 1
561 2160 1
562 34 1
562 64 1
562 72 1
562 195 1
562 2155 1
562 2157 1
563 24 1
563 32 1
563 44 1
563 123 1
563 179 1
563 195 1
563 223 1
563 342 1
563 401 1
563 654 1
563 744 1
563 760 1
563 826 1
563 848 1
563 866 1
563 1065 1
563 1136 1
563 1140 1
563 1438 1
563 1784 1
563 1846 1
563 2123 1
563 2154 1
563 2155 1
563 2156 1
563 2161 1
563 2162 1
563 2163 1
563 2164 1
563 2165 1
563 2166 1
564 77 1
564 131 1
564 206 1
564 242 1
564 280 1
564 391 1
565 4 1
565 27 1
565 50 1
565 77 1
565 81 1
565 112 1
565 131 1
565 134 1
565 189 1
565 206 1
565 243 1
565 280 1
565 316 1
565 325 1
565 1893 1
565 1948 1
565 2123 1
565 2167 1
565 2168 1
565 2169 1
565 2170 1
565 2171 1
566 32 1
566 190 1
566 249 1
566 280 1
566 314 1
566 451 1
566 452 1
566 454 1
566 2172 1
566 2173 1
567 314 1
567 473 1
567 1445 1
567 2174 1
567 2175 1
568 42 1
568 794 1
568 811 1
568 1196 1
568 1892 1
568 2176 1
569 145 1
569 201 1
569 317 1
569 794 1
569 2123 1
570 665 1
570 1088 1
570 1206 1
571 583 1
571 735 1
571 794 1
571 865 1
571 1088 1
571 1226 1
571 1345 1
571 1388 1
571 1602 1
571 1862 1
571 1986 1
571 2123 1
571 2177 1
572 266 1
572 282 1
572 1053 1
572 1915 1
573 4 1
573 25 1
573 44 1
573 126 1
573 152 1
573 189 1
573 255 1
573 266 1
573 457 1
573 524 1
573 1140 1
573 2123 1
573 2178 1
573 2179 1
573 2180 1
574 189 1
574 266 1
574 479 1
574 505 1
574 559 1
574 788 1
574 1064 1
574 1915 1
574 2115 1
574 2181 1
575 134 1
575 145 1
575 194 1
575 230 1
575 238 1
575 266 1
575 943 1
575 1378 1
575 2182 1
576 195 1
576 290 1
576 521 1
577 166 1
577 191 1
577 515 1
577 516 1
578 80 1
578 156 1
578 1516 1
578 1566 1
578 2183 1
578 2184 1
578 2185 1
579 130 1
579 169 1
579 206 1
579 216 1
579 266 1
579 477 1
579 524 1
579 525 1
579 943 1
579 1378 1
579 1566 1
579 2185 1
579 2186 1
580 33 1
580 206 1
580 426 1
580 491 1
580 525 1
580 538 1
580 583 1
580 920 1
580 943 1
580 1378 1
580 1468 1
580 2187 1
580 2188 1
580 2189 1
580 2190 1
581 266 1
581 1931 1
582 44 1
582 77 1
582 195 1
582 266 1
582 282 1
582 367 1
582 524 1
582 800 1
583 139 1
583 1215 1
584 285 1
584 507 1
584 511 1
585 27 1
585 139 1
585 507 1
585 511 1
585 2191 1
586 89 1
586 227 1
586 279 1
586 280 1
586 403 1
586 1241 1
587 137 1
587 145 1
587 158 1
587 195 1
587 403 1
587 479 1
587 538 1
587 559 1
587 583 1
587 675 1
587 933 1
587 991 1
587 1220 1
587 1552 1
587 1697 1
587 2123 1
587 2192 1
588 57 1
588 652 1
588 655 1
588 656 1
588 657 1
588 658 1
589 58 1
589 201 1
589 216 1
589 238 1
589 266 1
589 317 1
589 426 1
589 513 1
589 583 1
589 689 1
589 943 1
589 980 1
589 1519 1
589 1530 1
589 2193 1
590 285 1
590 426 1
590 652 1
590 654 1
590 726 1
590 728 1
590 1206 1
591 32 1
591 77 1
591 293 1
591 301 1
591 310 1
591 317 1
591 338 1
591 403 1
591 455 1
591 794 1
591 806 1
591 980 1
591 1675 1
591 1826 1
591 1862 1
591 2123 1
592 772 1
592 805 1
592 1131 1
592 1434 1
593 788 1
593 1823 1
593 2194 1
594 65 1
594 93 1
594 650 1
594 656 1
594 657 1
594 681 1
594 689 1
594 722 1
594 943 1
594 953 1
594 1140 1
594 1442 1
594 2195 1
595 77 1
595 99 1
595 656 1
595 657 1
595 773 1
595 1979 1
595 2123 1
595 2196 1
595 2197 1
595 2198 1
595 2199 1
595 2200 1
595 2201 1
595 2202 1
596 93 1
596 277 1
596 742 1
596 772 1
596 943 1
596 1757 1
597 24 1
597 56 1
597 90 1
597 242 1
597 362 1
597 507 1
597 681 1
597 742 1
597 1140 1
597 1144 1
597 2203 1
597 2204 1
598 249 1
598 583 1
598 978 1
598 1216 1
598 1254 1
598 1979 1
598 2204 1
598 2205 1
599 230 1
599 390 1
599 657 1
599 681 1
599 1140 1
599 1986 1
600 24 1
600 49 1
600 99 1
600 230 1
600 255 1
600 266 1
600 583 1
600 657 1
600 681 1
600 689 1
600 722 1
600 847 1
600 1230 1
600 1986 1
600 2193 1
600 2206 1
601 162 1
601 242 1
601 290 1
601 678 1
601 689 1
601 698 1
601 1064 1
601 2207 1
602 216 1
602 290 1
602 689 1
602 1305 1
602 1343 1
602 2207 1
603 4 1
603 85 1
603 97 1
603 216 1
603 290 1
603 337 1
603 474 1
603 507 1
603 558 1
603 627 1
603 690 1
603 698 1
603 951 1
603 1259 1
603 1305 1
603 1979 1
603 2123 1
603 2208 1
603 2209 1
603 2210 1
603 2211 1
604 426 1
604 566 1
604 785 1
605 290 1
605 426 1
605 538 1
605 566 1
605 655 1
605 1170 1
605 2212 1
606 23 1
606 145 1
606 173 1
606 177 1
606 190 1
606 517 1
606 711 1
607 23 1
607 145 1
607 678 1
607 711 1
607 2213 1
607 2214 1
608 154 1
608 818 1
608 819 1
608 820 1
609 187 1
609 191 1
609 200 1
609 735 1
609 747 1
609 754 1
609 822 1
609 826 1
609 965 1
609 1004 1
609 1639 1
609 1893 1
610 2010 1
611 49 1
611 58 1
611 131 1
611 187 1
611 524 1
611 822 1
611 2215 1
611 2216 1
612 80 1
612 97 1
612 134 1
612 381 1
612 823 1
612 922 1
612 2123 1
612 2211 1
612 2215 1
612 2217 1
613 285 1
613 625 1
613 654 1
613 1565 1
613 1566 1
613 1567 1
614 189 1
614 583 1
614 698 1
614 742 1
614 1345 1
614 1586 1
614 2218 1
615 1225 1
615 2025 1
616 22 1
616 517 1
616 2219 1
616 2220 1
617 134 1
617 179 1
617 189 1
617 238 1
617 244 1
617 266 1
617 385 1
617 583 1
617 1115 1
617 1893 1
617 2221 1
617 2222 1
618 22 1
618 98 1
618 244 1
618 251 1
618 524 1
618 675 1
618 772 1
618 986 1
618 992 1
618 1566 1
618 2223 1
619 244 1
619 290 1
619 554 1
619 698 1
619 2224 1
619 2225 1
619 2226 1
619 2227 1
620 22 1
620 986 1
620 992 1
620 999 1
620 1000 1
620 1001 1
620 1566 1
621 570 1
621 915 1
621 2067 1
622 657 1
622 919 1
623 129 1
623 242 1
623 503 1
623 965 1
624 1226 1
624 2228 1
625 69 1
625 239 1
625 570 1
625 921 1
625 936 1
625 2075 1
625 2076 1
625 2145 1
626 4 1
626 121 1
626 690 1
626 2229 1
626 2230 1
627 42 1
627 938 1
627 939 1
627 2231 1
627 2232 1
628 263 1
628 772 1
628 847 1
628 1345 1
628 1792 1
628 1865 1
628 2233 1
628 2234 1
629 169 1
629 1566 1
629 2084 1
630 85 1
630 115 1
630 145 1
630 818 1
630 938 1
630 939 1
630 1917 1
630 2235 1
630 2236 1
630 2237 1
631 313 1
631 570 1
631 916 1
631 985 1
631 2086 1
632 56 1
632 583 1
632 683 1
632 918 1
632 940 1
632 956 1
632 958 1
632 979 1
632 1264 1
632 2123 1
632 2238 1
632 2239 1
632 2240 1
632 2241 1
632 2242 1
632 2243 1
633 940 1
633 956 1
633 965 1
633 2244 1
634 242 1
634 625 1
634 970 1
634 1681 1
635 63 1
635 507 1
636 359 1
636 956 1
636 2057 1
636 2245 1
636 2246 1
637 134 1
637 1621 1
637 2246 1
638 134 1
638 410 1
638 625 1
638 954 1
638 974 1
638 1535 1
639 27 1
639 977 1
639 978 1
639 1185 1
639 1557 1
639 2178 1
639 2247 1
639 2248 1
639 2249 1
639 2250 1
640 27 1
640 34 1
640 49 1
640 133 1
640 169 1
640 230 1
640 742 1
640 1224 1
640 1259 1
640 2112 1
640 2251 1
641 230 1
641 745 1
641 1046 1
